13 0.8846153846153846 0.21153846153846154 0.21634615384615385 0.04807692307692308
14 0.20372596153846154 0.40064102564102566 0.2536057692307692 0.375
2 0.4188701923076923 0.28525641025641024 0.09975961538461539 0.04807692307692308
10 0.5745192307692307 0.3629807692307692 0.41586538461538464 0.04006410256410257
15 0.5282451923076923 0.5352564102564102 0.33052884615384615 0.05128205128205128
0 0.4494182692307692 0.4510833333333334 0.172875 0.04640064102564103
17 0.6457331730769231 0.4532628205128205 0.043870192307692304 0.053961538461538464
16 0.4152668269230769 0.613576923076923 0.12861057692307692 0.04766346153846154
6 0.4516009615384616 0.7053397435897435 0.16762500000000002 0.051708333333333335
5 0.8568125000000001 0.7115448717948718 0.1895841346153846 0.048089743589743585
7 0.5153028846153845 0.8675128205128205 0.9368557692307693 0.1581025641025641
18 0.19321634615384614 0.6638942307692307 0.194125 0.10663461538461538
11 0.6639831730769231 0.2094551282051282 0.17171634615384615 0.034291666666666665
4 0.4974086538461538 0.21103846153846156 0.057317307692307695 0.03746153846153846
20 0.3711177884615384 0.21610897435897436 0.04752403846153846 0.03478205128205128