14 0.285625 0.4266666666666667 0.21375 0.2733333333333333
13 0.828125 0.2975 0.17625 0.045
11 0.48568 0.4718766666666667 0.1063625 0.04042333333333333
10 0.4775 0.41333333333333333 0.135 0.02666666666666667
2 0.46125 0.3516666666666667 0.085 0.03
15 0.56625 0.5475 0.3025 0.03833333333333333
20 0.4468725 0.29236666666666666 0.036245 0.03473333333333333
4 0.6256124999999999 0.2894966666666667 0.058725 0.032323333333333336
17 0.6881725 0.48458 0.0363425 0.05249333333333333
18 0.30834249999999996 0.68113 0.296685 0.07892666666666667
16 0.54828 0.6280666666666667 0.1215575 0.049466666666666666
0 0.8397275 0.47774 0.1544525 0.05881666666666666
6 0.5845625 0.7026000000000001 0.166625 0.04853666666666667
5 0.84605 0.69883 0.1446 0.05433
7 0.5313925 0.8423433333333334 0.8227825 0.12802