7 0.11806857638888887 0.48701822916666665 0.18187934027777777 0.8568467881944444
15 0.46151475694444444 0.5078125 0.0405078125 0.22858723958333332
10 0.6242751736111111 0.44741102430555557 0.03327690972222222 0.10778428819444445
2 0.6944444444444444 0.4452408854166667 0.031827256944444444 0.10199652777777778
13 0.6929991319444445 0.73169921875 0.0376171875 0.14395182291666667
14 0.6076388888888888 0.26294921875 0.32696614583333333 0.22786458333333334
20 0.7395789930555555 0.4198871527777778 0.03529513888888888 0.03248046875
4 0.7249435763888888 0.5655338541666667 0.032061631944444446 0.035872395833333334
11 0.5443098958333333 0.46649739583333333 0.04116319444444445 0.15897786458333335
16 0.37632812499999996 0.5761328125 0.05242621527777778 0.20174696180555554
6 0.2935416666666667 0.5479058159722222 0.05178385416666667 0.1409526909722222
5 0.28937065972222226 0.7824175347222222 0.04344184027777778 0.13398871527777778
0 0.5232378472222222 0.7462586805555556 0.042426215277777776 0.12533203125
18 0.3286545138888889 0.3080208333333333 0.14515625 0.25796875
17 0.5387760416666666 0.6200998263888889 0.040225694444444446 0.01949652777777778