13 0.40598440545808967 0.604231884057971 0.10571150097465887 0.031217391304347825
7 0.22309941520467838 0.9354782608695652 0.438411306042885 0.08543478260869565
13 0.6507699805068227 0.41249275362318844 0.0704775828460039 0.024521739130434785
14 0.08284600389863547 0.6861739130434782 0.1297076023391813 0.19731884057971016
11 0.20426900584795324 0.7207971014492754 0.10444444444444444 0.03289855072463768
10 0.21067251461988304 0.680608695652174 0.11545808966861598 0.03010144927536232
2 0.17580896686159844 0.6365652173913043 0.04273879142300195 0.02228985507246377
15 0.22267056530214427 0.767 0.1364522417153996 0.0267536231884058
12 0.814093567251462 0.14155072463768117 0.3260428849902534 0.03382608695652174
1 0.9109356725146199 0.09921739130434781 0.1244541910331384 0.0267536231884058
3 0.8014717348927874 0.2368985507246377 0.35538011695906435 0.11705797101449275
18 0.08117933723196882 0.8371304347826087 0.09999025341130605 0.07136231884057971
20 0.17384990253411306 0.5949710144927536 0.024113060428849902 0.024724637681159418
4 0.2789473684210526 0.6001449275362319 0.03548732943469785 0.029275362318840578
17 0.3077485380116959 0.7253478260869566 0.019005847953216373 0.03331884057971014
0 0.39646198830409357 0.7284927536231884 0.08923001949317738 0.036695652173913046
6 0.2378654970760234 0.8629710144927537 0.09171539961013644 0.03610144927536232
16 0.23983430799220273 0.8096376811594203 0.09565302144249513 0.025072463768115942
5 0.39518518518518514 0.8637391304347827 0.09251461988304094 0.034710144927536234
8 0.9182358674463937 0.41839130434782607 0.11717348927875243 0.031
9 0.9322222222222223 0.3731159420289855 0.10227095516569201 0.027405797101449275