13 0.8291666666666667 0.59948125 0.21389166666666667 0.03229375
11 0.46149166666666663 0.7186 0.20631666666666668 0.02826875
10 0.39860833333333334 0.678125 0.097225 0.025
2 0.40069166666666667 0.6354187499999999 0.09860833333333333 0.027081249999999998
14 0.215975 0.69895625 0.24583333333333332 0.19791875
15 0.4569416666666667 0.7661437499999999 0.222225 0.03020625
18 0.24835 0.85813125 0.218125 0.076975
16 0.4893083333333333 0.8232187500000001 0.09673333333333334 0.03251875
6 0.542875 0.8772187499999999 0.20241666666666666 0.0348
5 0.8755416666666668 0.86465 0.18918333333333334 0.0364375
17 0.6491583333333334 0.7149187499999999 0.04355833333333334 0.028050000000000002
0 0.8566666666666667 0.7107062500000001 0.21333333333333335 0.0303375
20 0.40225833333333333 0.598225 0.03308333333333333 0.02501875
4 0.595825 0.5945125 0.06545833333333333 0.028312499999999997