7 0.19177304964539008 0.40123000000000003 0.13236258865248227 0.6857925
13 0.7845744680851063 0.6520825 0.044326241134751775 0.15416749999999999
11 0.592163120567376 0.3585475 0.04661790780141844 0.1670925
10 0.665633865248227 0.34875 0.03102836879432624 0.1291675
2 0.7535460992907801 0.32583249999999997 0.044326241134751775 0.09
14 0.6464228723404255 0.16458250000000002 0.37677304964539005 0.1975
15 0.4920212765957447 0.39875 0.05023492907801418 0.2408325
20 0.8193528368794326 0.3152025 0.034091312056737585 0.0287375
4 0.8122916666666666 0.4734225 0.03769946808510638 0.053512500000000005
17 0.5762101063829788 0.5243775 0.03835106382978723 0.04209
18 0.35670656028368797 0.17784 0.13126329787234042 0.16401249999999998
16 0.4049512411347518 0.39102499999999996 0.04749113475177305 0.08538
6 0.31652039007092203 0.417345 0.05088652482269503 0.1313575
5 0.3191843971631206 0.6621675 0.05326241134751773 0.13266999999999998
0 0.566409574468085 0.65762 0.051258865248226954 0.13857