13 0.8472222222222222 0.2740280777537797 0.2199074074074074 0.0458963282937365
14 0.20775925925925925 0.38944924406047515 0.25810185185185186 0.3037257019438445
7 0.49844444444444447 0.7876781857451404 0.8796018518518519 0.11026997840172786
11 0.4551111111111111 0.4625269978401728 0.20652777777777778 0.043131749460043195
10 0.46875 0.38741900647948163 0.2175925925925926 0.03779697624190065
15 0.5758148148148148 0.5230885529157667 0.4340277777777778 0.028347732181425486
20 0.4003148148148148 0.2687257019438445 0.047546296296296295 0.03349892008639309
6 0.5286574074074074 0.6715226781857452 0.19003703703703703 0.0507451403887689
16 0.4939166666666666 0.5994492440604752 0.10512037037037038 0.043390928725701945
18 0.2686203703703704 0.6415334773218142 0.24712037037037035 0.12396328293736501
17 0.6548796296296296 0.4505831533477322 0.03506481481481481 0.04083153347732182
4 0.6018148148148148 0.2718574514038877 0.07400925925925926 0.0433585313174946
0 0.8296574074074073 0.4526133909287257 0.17783333333333334 0.044902807775377966
5 0.8223148148148148 0.6681317494600433 0.18783333333333335 0.04757019438444924