13 0.7581453634085215 0.46391049256378775 0.9649122807017546 0.47346159094010104 0.9649122807017545 0.5034793286942285 0.7581453634085215 0.4939282303179151
7 0.5245723684210527 0.8727507163323782 0.930734649122807 0.09739255014326648
11 0.46688596491228074 0.6177172874880611 0.218859649122807 0.039627507163323784
10 0.40961622807017545 0.564880611270296 0.08615131578947367 0.030019102196752627
2 0.36184210526315796 0.4980215581934781 0.5106516290726818 0.49938600081866563 0.5028195488721804 0.5294037385727931 0.36497493734335845 0.5253104106972302
14 0.20911184210526318 0.5655587392550143 0.27725877192982457 0.25242597898758357
15 0.5214473684210527 0.6791881566380134 0.316765350877193 0.03396370582617001
18 0.25183114035087717 0.7627411652340019 0.20541666666666666 0.07752626552053486
17 0.6780701754385965 0.6223304680038205 0.04473684210526316 0.03740210124164278
0 0.8677850877192982 0.6258261700095511 0.20048245614035087 0.04439350525310411
6 0.5453289473684211 0.7904393505253104 0.18716008771929823 0.03741165234001911
16 0.5092543859649122 0.7368194842406878 0.10184210526315789 0.037144221585482334
5 0.8664802631578947 0.7908404966571155 0.18908991228070174 0.038223495702005734
20 0.4138815789473684 0.4691117478510029 0.05584429824561404 0.025148042024832853
4 0.6213267543859649 0.47750716332378224 0.07598684210526316 0.038099331423113655