14 0.2051779935275081 0.32822362488728585 0.2550161812297735 0.3606853020739405
13 0.8478964401294499 0.1920649233543733 0.2174757281553398 0.059513074842200184
2 0.4349514563106796 0.23985572587917042 0.15016181229773462 0.03606853020739405
10 0.511326860841424 0.32100991884580704 0.3106796116504854 0.03967538322813345
15 0.3650485436893204 0.5193868349864743 0.7469255663430421 0.4995491433724076 0.7417475728155339 0.454463480613165 0.3585760517799353 0.47971145175834085
20 0.38527508090614887 0.19125338142470694 0.045637540453074436 0.04706943192064924
4 0.5942588996763754 0.18261496844003608 0.06231067961165048 0.04781785392245266
11 0.43442718446601947 0.41342651036970246 0.1180453074433657 0.04777276825969341
0 0.8432491909385113 0.37347159603246166 0.16157928802588997 0.050811541929666366
17 0.6653398058252428 0.3943733092876465 0.03359223300970874 0.04933273219116321
16 0.5169902912621359 0.5860504959422903 0.11746925566343043 0.05397655545536519
6 0.5468802588996764 0.6629666366095581 0.1870485436893204 0.050315599639314694
5 0.8465307443365696 0.6492515779981965 0.175915857605178 0.0433092876465284
18 0.26060841423948217 0.6042921550946798 0.2416116504854369 0.1409467989179441
7 0.5145695792880259 0.8211992786293959 0.9022783171521035 0.14556357078449053