7 0.22808531746031746 0.5024801587301587 0.20484457671957673 0.9950396825396826
15 0.5588624338624338 0.5580357142857143 0.046296296296296294 0.3869047619047619
10 0.7060185185185185 0.4340277777777778 0.04298941798941799 0.1488095238095238
2 0.7738095238095238 0.4712301587301587 0.03968253968253968 0.21825396825396826
14 0.6927910052910053 0.19345238095238096 0.31415343915343913 0.3125
13 0.7919973544973545 0.832093253968254 0.0496031746031746 0.21577380952380953
6 0.3880092592592592 0.5661731150793651 0.0451984126984127 0.2022891865079365
5 0.3982572751322751 0.9132564484126984 0.05081349206349206 0.17348710317460317
16 0.4757506613756614 0.5417212301587301 0.040453042328042324 0.14842509920634922
0 0.6328339947089947 0.8609201388888889 0.033855820105820104 0.16306051587301587
17 0.6325793650793651 0.6863368055555555 0.035 0.03710813492063492
11 0.632526455026455 0.4675347222222222 0.036550925925925924 0.21954613095238096
4 0.8095337301587302 0.6052480158730159 0.035072751322751325 0.05721974206349206
20 0.8201554232804233 0.41181051587301587 0.01994047619047619 0.03617063492063492
18 0.43038359788359787 0.19590029761904762 0.1282936507936508 0.2715128968253968