13 0.8424214417744916 0.6085926928281461 0.2208872458410351 0.039918809201623814
7 0.48302218114602585 0.9556224627875508 0.8898012939001848 0.0675405953991881
15 0.5730129390018485 0.770297699594046 0.25508317929759705 0.029093369418132613
2 0.44593345656192235 0.638700947225981 0.1598890942698706 0.02571041948579161
10 0.4533271719038817 0.6796346414073072 0.18391866913123844 0.02638700947225981
14 0.20794824399260628 0.6667794316644113 0.2754158964879852 0.20365358592692828
20 0.38726432532347504 0.5917151556156969 0.044394639556377076 0.02307848443843031
4 0.5809981515711645 0.5931765899864683 0.06218114602587801 0.024309878213802434
11 0.4303604436229205 0.7276116373477673 0.10055452865064694 0.02592354533152909
17 0.6595101663585953 0.7248274695534507 0.03898798521256932 0.03051082543978349
0 0.8457809611829944 0.7248477672530447 0.2151293900184843 0.03223951285520974
16 0.5921256931608133 0.8170060893098783 0.30855822550831796 0.030493910690121785
6 0.5478234750462108 0.8668132611637348 0.21533271719038818 0.03369756427604871
5 0.8530406654343807 0.8669587280108254 0.22502310536044362 0.03567997293640054
18 0.22450092421441775 0.8220331529093369 0.31268022181146027 0.06760825439783491