2 0.31296111111111113 0.58125 0.05555555555555555 0.060832500000000005
10 0.40092777777777777 0.5420825 0.05 0.14416749999999998
15 0.5796277777777777 0.50875 0.05185 0.2108325
7 0.9125833333333334 0.5120775 0.15725555555555557 0.5891575
13 0.2546277777777778 0.27791750000000004 0.053705555555555555 0.13583250000000002
14 0.4092611111111111 0.7125 0.4074055555555556 0.1716675
20 0.22797222222222224 0.5731475 0.044833333333333336 0.031295
4 0.24075000000000002 0.436425 0.04816111111111111 0.0395175
11 0.47698333333333337 0.5485475 0.05396666666666667 0.0770975
17 0.48961666666666664 0.40446499999999996 0.0496 0.025595
0 0.49298888888888887 0.2788425 0.06005555555555555 0.122685
16 0.6775166666666667 0.5155299999999999 0.05503333333333334 0.0777275
6 0.775638888888889 0.4968125 0.06238888888888889 0.12196
5 0.7758944444444444 0.27669 0.0592 0.12005
18 0.7379666666666667 0.6900925 0.12037777777777778 0.145185