10 0.6569602272727273 0.4676649305555556 0.04498106060606061 0.1540798611111111
2 0.7232481060606061 0.4378255208333333 0.04024621212121212 0.0900607638888889
15 0.49834280303030304 0.4763454861111111 0.04498106060606061 0.1801215277777778
7 0.1915909090909091 0.4860633680555556 0.1338068181818182 0.54533203125
13 0.7350852272727273 0.693359375 0.054450757575757576 0.1323784722222222
14 0.4876893939393939 0.2224392361111111 0.8001893939393939 0.23111979166666666 0.8049242424242428 0.3873697916666667 0.4782196969696972 0.3721788194444444
20 0.7736221590909091 0.42194444444444446 0.02893939393939394 0.02502387152777778
4 0.7683617424242424 0.539450954861111 0.02788352272727273 0.03723524305555556
6 0.3294649621212121 0.49334418402777774 0.0465530303030303 0.11139973958333334
5 0.31821022727272724 0.6771006944444444 0.04614583333333333 0.11866753472222223
0 0.5689204545454545 0.673046875 0.04251420454545455 0.10911458333333333
17 0.5739488636363637 0.5651953125 0.043101325757575755 0.023619791666666667
18 0.3878219696969697 0.3031076388888889 0.13801136363636365 0.16929253472222222
16 0.4142755681818182 0.46433376736111115 0.04888257575757576 0.047593315972222223
11 0.5734895833333333 0.4476475694444445 0.03902462121212121 0.12417317708333335