10 0.416015625 0.328023758099352 0.13671875 0.07829373650107992
2 0.4091796875 0.23893088552915767 0.119140625 0.07289416846652268
14 0.1962890625 0.3347732181425486 0.306640625 0.42116630669546434
7 0.500265625 0.8499784017278618 0.935421875 0.15928725701943844
15 0.486328125 0.5170086393088553 0.265625 0.06749460043196544
13 0.8798828125 0.1849352051835853 0.212890625 0.06749460043196544
20 0.39811718749999997 0.16476241900647948 0.046234375 0.05233261339092873
4 0.6140859375 0.17030237580993518 0.0615 0.05622030237580994
17 0.6765078124999999 0.4194492440604752 0.040515625 0.05057235421166306
11 0.44003125 0.42269978401727865 0.1144375 0.049870410367170624
0 0.8613359375 0.4168250539956804 0.18621875000000002 0.048909287257019436
16 0.5314296875 0.6070842332613391 0.17484375000000002 0.055064794816414686
6 0.5321640624999999 0.7048488120950325 0.173703125 0.05979481641468682
5 0.865046875 0.7040388768898489 0.1858203125 0.05099352051835853
18 0.256734375 0.64829373650108 0.25305468750000004 0.1338876889848812