10 0.3370974955277281 0.5031902552204176 0.01900715563506261 0.24361948955916474
15 0.24709302325581395 0.5314675174013921 0.024597495527728087 0.3146751740139211
7 0.06749105545617173 0.48761600928074245 0.08668157423971377 0.8569083526682134
13 0.39803220035778175 0.8591937354988399 0.029069767441860465 0.18416473317865428
14 0.32535778175313057 0.23274361948955916 0.17665474060822897 0.25377030162412995
20 0.4166457960644007 0.4407714617169374 0.017549194991055457 0.050910672853828304
4 0.413850626118068 0.6349129930394432 0.020898926654740607 0.06332946635730859
11 0.29328711985688727 0.4720475638051044 0.026641323792486585 0.11579466357308585
17 0.2856887298747764 0.6699999999999999 0.02039355992844365 0.05925754060324826
0 0.28495080500894454 0.8336484918793504 0.024284436493738817 0.1614907192575406
6 0.15045169946332737 0.5510034802784223 0.02541592128801431 0.15768561484918794
5 0.15080948121645796 0.8269373549883992 0.026131484794275493 0.15966937354988398
16 0.19737030411449016 0.5454292343387471 0.02444096601073345 0.15118329466357308
18 0.16648032200357782 0.25672853828306264 0.052106440071556355 0.1654292343387471