15 0.33066545674531156 0.23119709277469003 0.02352692075015124 0.1386917486105173
11 0.36569872958257715 0.195382642154767 0.021778584392014518 0.0645575032064985
10 0.4092558983666062 0.2015818725951261 0.03690260133091349 0.08849935870029928
13 0.4537205081669691 0.3704574604531851 0.0338777979431337 0.08764429243266353
0 0.36993345432546887 0.3755878580589996 0.025408348457350273 0.09020949123557076
5 0.26255293405928615 0.3685335613510047 0.0338777979431337 0.08764429243266353
17 0.3720508166969147 0.29264643009833263 0.03206291591046582 0.0440359127832407
3 0.7646642468239564 0.78617357845233 0.09195402298850575 0.27105600684053016
20 0.4673139745916516 0.17259940145361263 0.016817906836055656 0.02149636596836255
4 0.46744101633393825 0.26163745190252247 0.022250453720508167 0.03710987601539119
6 0.253653962492438 0.24002137665669088 0.018148820326678767 0.07205643437366395
16 0.28823956442831217 0.2319709277469004 0.023369630973986692 0.06938862761864045
7 0.18822746521476102 0.2184138520735357 0.05385964912280702 0.36383924754168445
18 0.2660617059891107 0.10188542112013681 0.07235934664246824 0.10971355280034203
14 0.4006170598911071 0.08964087216759298 0.14269207501512401 0.1023300555793074
8 0.6182516636418633 0.8711158614792647 0.023127646702964307 0.08218041898247114
9 0.6529885057471265 0.8717486105173151 0.021736237144585602 0.07855921333903378
19 0.6899697519661222 0.8541299700726807 0.021373260738052027 0.11661393758016246
13 0.6007259528130672 0.6186917486105172 0.017453115547489413 0.053728088926891834
12 0.845644283121597 0.7621120136810603 0.028511796733212344 0.30025651988029073
1 0.8830248033877799 0.8609705002137665 0.02895341802782819 0.10711415134672937