10 0.5359299516908212 0.5653954681487815 0.15640096618357488 0.021842667806755024
15 0.5498671497584541 0.622368533561351 0.19635265700483093 0.025412569474134245
11 0.5172101449275363 0.5897819581017529 0.12983091787439613 0.020094057289439932
17 0.6431159420289855 0.599401453612655 0.03985507246376811 0.022231722958529286
2 0.4923248792270531 0.5371184266780675 0.06195048309178744 0.019085079093629758
20 0.4945652173913043 0.5156049593843522 0.03743961352657005 0.01795639162035058
13 0.7663043478260869 0.539974348011971 0.13285024154589373 0.02479692176143651
7 0.2513492602657005 0.6804423631893972 0.8069850166062802 0.7191207513894827 0.802536231884058 0.7692122702009405 0.23553083484299517 0.7235063061137238
5 0.7358091787439613 0.6872595126122274 0.12741545893719808 0.02436938862761864
0 0.7515096618357487 0.6085934159897392 0.12741545893719808 0.020949123557075674
16 0.5584661835748792 0.6497776827704147 0.0976147342995169 0.022086361693031208
18 0.3582306763285024 0.6505087644292432 0.11984299516908213 0.04407011543394613
4 0.6198973429951691 0.5231466438648996 0.03931763285024155 0.01850790936297563
14 0.37012077294685986 0.5542154766994442 0.1363768115942029 0.10287302265925609