10 0.3591002415458937 0.6197092774690038 0.0314975845410628 0.07994869602394186
13 0.41847826086956524 0.7926464300983326 0.03683574879227053 0.09277469003847798
5 0.2152777777777778 0.7926464300983326 0.04468599033816425 0.08336896109448483
0 0.33152173913043476 0.7969217614365113 0.036231884057971016 0.08636169303120991
15 0.28795289855072465 0.6669730654125695 0.030012077294685992 0.1573706712270201
11 0.32306763285024154 0.639162035057717 0.04106280193236715 0.10004275331338179
17 0.3233695652173913 0.7109876015391193 0.030797101449275364 0.029927319367250963
6 0.21330917874396135 0.6620564343736639 0.025652173913043478 0.07229157759726379
16 0.246231884057971 0.6651859769132107 0.02386473429951691 0.07513039760581444
18 0.2182004830917874 0.532607952116289 0.04992753623188406 0.11779820436083795
2 0.39314613526570047 0.6128430953398889 0.020591787439613526 0.05766566908935442
20 0.42003019323671503 0.6005002137665669 0.01880434782608696 0.021004702864471998
4 0.42056763285024157 0.6879863189397178 0.0198731884057971 0.036943138093202224
7 0.1426147342995169 0.6482428388200085 0.07266908212560387 0.36959384352287306
14 0.3495893719806763 0.5245874305258658 0.16053140096618357 0.10347156904660111