15 0.4346529411764706 0.68845 0.17283529411764706 0.015086363636363636
11 0.3926470588235294 0.6618181818181819 0.07941176470588235 0.02
10 0.41147058823529414 0.6360727272727272 0.14529411764705882 0.020581818181818184
2 0.3835117647058824 0.6093227272727273 0.08938235294117647 0.01682727272727273
20 0.3723529411764706 0.5927272727272728 0.03529411764705882 0.016363636363636365
17 0.5152941176470588 0.6590909090909091 0.03882352941176471 0.02
0 0.6214705882352941 0.6540909090909091 0.1111764705882353 0.02090909090909091
13 0.62 0.59 0.12117647058823529 0.02181818181818182
7 0.4253470588235294 0.7807727272727273 0.4883411764705882 0.041545454545454545
5 0.6238235294117647 0.7325 0.11588235294117646 0.020454545454545454
4 0.4839 0.5891727272727273 0.03602941176470588 0.018345454545454547
18 0.2694764705882353 0.7254636363636363 0.1013 0.04001818181818182
14 0.26348823529411763 0.6448772727272727 0.13168235294117647 0.09157272727272728
6 0.4465529411764706 0.7392590909090908 0.10487058823529412 0.023972727272727274
16 0.42737647058823525 0.7106636363636364 0.0688764705882353 0.02132272727272727