15 0.5417330917874397 0.4623001282599401 0.3443417874396135 0.035327062847370666
17 0.6666666666666666 0.4241128687473279 0.06038647342995169 0.02907225309961522
2 0.4435084541062802 0.336147926464301 0.13823067632850242 0.030996152201795638
20 0.4236111111111111 0.3026934587430526 0.05615942028985507 0.02479692176143651
11 0.4544082125603865 0.41705857203933305 0.13103864734299517 0.02864471996579735
7 0.48977053140096616 0.6059640872167592 0.8394504830917875 0.07168020521590424
5 0.8251811594202898 0.5453185121846943 0.161231884057971 0.027789653698161606
0 0.8348429951690821 0.42945703292005133 0.1708937198067633 0.026934587430525864
13 0.8417874396135265 0.3223599828986746 0.1956521739130435 0.02907225309961522
10 0.48278985507246375 0.37746472851646 0.23490338164251207 0.026605386917486103
4 0.611328502415459 0.3081017528858486 0.05599033816425121 0.01936725096194955
6 0.5409661835748792 0.5419410004275331 0.16647946859903381 0.03557075673364686
16 0.5401811594202899 0.5055194527575887 0.17697463768115942 0.029422830269345873
18 0.2667814009661836 0.5244164172723386 0.2702777777777778 0.06037195382642155
14 0.22870169082125605 0.37639589568191534 0.26175724637681164 0.18673792218896965