2 0.4103941176470588 0.44207857142857143 0.06000588235294118 0.012725
20 0.3947058823529412 0.41928571428571426 0.04823529411764706 0.015
0 0.4310529411764706 0.4880035714285715 0.12288823529411765 0.017675
10 0.44794117647058823 0.46769642857142857 0.14529411764705882 0.01770357142857143
15 0.48973529411764705 0.5129535714285715 0.21868823529411763 0.019953571428571428
17 0.5467647058823529 0.4925 0.04764705882352941 0.020714285714285713
13 0.6797058823529412 0.4303571428571429 0.14058823529411765 0.02
7 0.46485882352941177 0.59675 0.5454 0.04228214285714286
5 0.6552941176470588 0.55875 0.12588235294117647 0.0225
6 0.4268529411764706 0.5556178571428572 0.11252941176470589 0.016
16 0.4132823529411765 0.5337571428571428 0.06774117647058824 0.015135714285714287
18 0.30659411764705885 0.5381285714285714 0.10338235294117647 0.0334
4 0.46349411764705883 0.4210928571428571 0.04463529411764706 0.012421428571428571
11 0.5618176470588235 0.4240392857142857 0.10010588235294118 0.01475
14 0.2958235294117647 0.4705785714285714 0.1328176470588235 0.0971107142857143