10 0.7085294117647059 0.2913636363636364 0.039411764705882354 0.10681818181818181
11 0.7405882352941177 0.30863636363636365 0.03470588235294118 0.06272727272727273
13 0.6441176470588236 0.1175 0.03764705882352941 0.105
0 0.7423529411764705 0.11522727272727273 0.045294117647058825 0.08772727272727272
5 0.8655882352941177 0.11477272727272728 0.039411764705882354 0.08681818181818182
4 0.6394117647058823 0.2180409090909091 0.03175882352941176 0.037899999999999996
20 0.6402764705882353 0.3190909090909091 0.02408823529411765 0.025459090909090907
17 0.7513352941176471 0.20215 0.02267647058823529 0.022477272727272728
15 0.7891117647058824 0.2815818181818182 0.029988235294117645 0.14497727272727273
16 0.8272411764705883 0.25225000000000003 0.03331176470588235 0.08814090909090909
6 0.8739176470588236 0.2555272727272727 0.037241176470588236 0.09287727272727274
7 0.9247235294117647 0.27903181818181816 0.06591176470588235 0.4289727272727273
18 0.8575588235294117 0.4027454545454545 0.05158823529411765 0.12181363636363637
14 0.7176941176470588 0.40608636363636363 0.1459764705882353 0.09213636363636363