15 0.26972637879435657 0.6310386473429952 0.16321932449764856 0.03140096618357488
8 0.5513039760581445 0.5301932367149759 0.08251389482684908 0.035024154589371984
11 0.23428815733219324 0.5875603864734299 0.06156477126977341 0.028985507246376812
13 0.4142796066695169 0.5051328502415459 0.08978195810175288 0.029589371980676328
17 0.334330910645575 0.5990338164251208 0.03163745190252244 0.028985507246376812
10 0.23006840530141084 0.5523550724637681 0.07578024796921762 0.01908816425120773
2 0.2758272766139376 0.5247282608695653 0.1429328772979906 0.034963768115942026
20 0.2238135955536554 0.48641304347826086 0.02864471996579735 0.02355072463768116
3 0.6194955109020949 0.6968599033816425 0.21462163317657118 0.1280193236714976
0 0.40615647712697733 0.6014492753623188 0.08721675929884566 0.030193236714975844
7 0.2531209918768704 0.7883152173913044 0.38653698161607525 0.08388285024154589
5 0.39696451474989314 0.7185990338164251 0.08935442496793501 0.03140096618357488
6 0.2711757161179991 0.7177777777777778 0.07035057716973066 0.02734903381642512
16 0.26195810175288586 0.6777777777777778 0.053629756306113725 0.029468599033816423
18 0.13486960239418555 0.6865157004830917 0.07649422830269345 0.06385265700483092
9 0.5327960666951689 0.5745048309178744 0.03609234715690466 0.02582729468599034
1 0.5549850363403164 0.8240157004830917 0.09757588713125266 0.024842995169082126
4 0.31277041470713984 0.4915700483091787 0.0338349722103463 0.02419685990338164