13 0.4519025224454895 0.4978864734299517 0.0940572894399316 0.029589371980676328
7 0.29890979050876443 0.77493961352657 0.3874732791791364 0.06195048309178744
5 0.43800769559640873 0.7080314009661836 0.0910645575032065 0.029589371980676328
2 0.26256092347156906 0.5281099033816424 0.0651004702864472 0.02722826086956522
20 0.25609234715690465 0.49426328502415456 0.02821718683197948 0.02355072463768116
10 0.28751603249251817 0.5638768115942029 0.10731081658828559 0.03046497584541063
15 0.3115049166310389 0.6375724637681159 0.1595596408721676 0.021527777777777778
11 0.28067550235143224 0.5978260869565217 0.08336896109448483 0.027777777777777776
17 0.3623343309106456 0.5939009661835749 0.02864471996579735 0.02717391304347826
0 0.44121419410004276 0.5920893719806763 0.08892689183411714 0.024758454106280192
3 0.7618640444634459 0.6560990338164251 0.3215049166310389 0.12016908212560387
8 0.6817015818725951 0.5096618357487923 0.15946985891406584 0.03260869565217391
4 0.34541256947413423 0.4933876811594203 0.03242411286874733 0.027832125603864735
6 0.31292860196665245 0.7145471014492754 0.08545532278751602 0.028128019323671496
16 0.3060837964942283 0.6747765700483093 0.07176143651132963 0.021056763285024153
18 0.17085934159897392 0.7039553140096618 0.06468148781530568 0.060090579710144934
14 0.17595126122274476 0.5683031400966184 0.10222317229585293 0.15109299516908212
19 0.6585079093629757 0.5847765700483092 0.1096579734929457 0.0246256038647343
9 0.6562035057716973 0.5483272946859903 0.10505344164172724 0.02660024154589372
1 0.6631209918768705 0.779915458937198 0.11376229157759725 0.028435990338164255
13 0.9057845233005558 0.5015277777777778 0.0638135955536554 0.0223731884057971