15 0.3700823529411765 0.252 0.27898823529411765 0.025818181818181817
17 0.45029411764705884 0.2109090909090909 0.04411764705882353 0.022727272727272728
2 0.2791705882352941 0.15003181818181818 0.09246470588235293 0.01825
20 0.26235294117647057 0.12477272727272727 0.04352941176470588 0.018636363636363635
11 0.29323529411764704 0.21227272727272728 0.14647058823529413 0.023636363636363636
13 0.5758823529411765 0.1175 0.14941176470588236 0.023181818181818182
0 0.5841176470588235 0.21045454545454545 0.12823529411764706 0.023636363636363636
7 0.3446 0.37151818181818186 0.6350882352941177 0.05757727272727273
5 0.566764705882353 0.31795454545454543 0.1264705882352941 0.025
10 0.32 0.1816636363636364 0.18352941176470589 0.02213181818181818
14 0.12821764705882352 0.19264090909090908 0.15525882352941175 0.1271
18 0.14694117647058824 0.3125 0.08917058823529413 0.04681363636363636
16 0.3341176470588235 0.28154545454545454 0.08705882352941176 0.028545454545454544
6 0.3605235294117647 0.3194272727272727 0.1319764705882353 0.021204545454545455
4 0.41393529411764707 0.12572272727272726 0.0702235294117647 0.022354545454545453