10 0.7077294685990339 0.43373236425823003 0.12560386473429952 0.14493373236425822
6 0.3372584541062802 0.533347584437794 0.0640096618357488 0.1748610517315092
13 0.7563405797101449 0.8698161607524583 0.050724637681159424 0.2466866182129115
16 0.41506038647342997 0.5021205643437366 0.057179951690821254 0.1064258230012826
15 0.49583333333333335 0.46194955109020946 0.05568236714975845 0.19709277469003847
11 0.5751811594202898 0.4805472424112869 0.04770531400966183 0.1718683197947841
17 0.5615942028985508 0.6605386917486105 0.09842995169082126 0.08593415989739205
0 0.5582729468599034 0.837537409149209 0.029589371980676328 0.1616075245831552
7 0.19374396135265698 0.4990808037622915 0.17655797101449275 0.8471269773407439
5 0.29330314009661834 0.8200427533133817 0.07332729468599035 0.17791791363830695
18 0.4101147342995169 0.22768704574604529 0.08955314009661837 0.15174005985463873
4 0.7864371980676328 0.6218383924754168 0.057179951690821254 0.08924754168448054
20 0.8001086956521739 0.44091064557503207 0.048285024154589365 0.05659683625480975
14 0.6685628019323672 0.24179991449337326 0.32867149758454106 0.20989311671654554