5 0.7097058823529412 0.58625 0.11705882352941177 0.019642857142857142
10 0.5244117647058824 0.5058928571428571 0.13941176470588235 0.012857142857142857
15 0.5401823529411764 0.5478357142857143 0.1764470588235294 0.012335714285714285
0 0.4958823529411765 0.52875 0.10470588235294118 0.018571428571428572
13 0.7238235294117648 0.4735714285714286 0.1223529411764706 0.02142857142857143
2 0.48168823529411764 0.48715714285714284 0.06338235294117647 0.011221428571428571
14 0.37564117647058826 0.5145678571428571 0.13362941176470589 0.08270714285714287
18 0.3515882352941177 0.5816107142857143 0.10512941176470589 0.0287
17 0.6046882352941176 0.5273071428571429 0.023105882352941177 0.010571428571428572
6 0.5001352941176471 0.5888571428571429 0.09831764705882352 0.017
16 0.5035588235294117 0.5693964285714286 0.10711764705882353 0.014982142857142859
7 0.5422705882352942 0.6257571428571428 0.5002235294117647 0.03365357142857143
4 0.5284058823529412 0.46635714285714286 0.035247058823529416 0.008903571428571429
20 0.4606705882352941 0.46506785714285714 0.031147058823529413 0.011089285714285715
11 0.6127117647058823 0.46591428571428567 0.08817058823529411 0.015160714285714286