15 0.22760588235294119 0.3918409090909091 0.09834705882352941 0.01095909090909091
11 0.21823529411764706 0.36477272727272725 0.07764705882352942 0.015909090909090907
10 0.21470588235294116 0.34795454545454546 0.09411764705882353 0.023181818181818182
3 0.6417411764705883 0.38898181818181815 0.2012235294117647 0.06523636363636365
19 0.6167176470588236 0.3512954545454546 0.14323529411764707 0.0132
9 0.6004411764705883 0.3326727272727273 0.1208764705882353 0.012836363636363635
17 0.3111764705882353 0.3729545454545454 0.042352941176470586 0.022272727272727274
13 0.39558823529411763 0.31863636363636366 0.10647058823529412 0.02090909090909091
8 0.6026470588235294 0.3145454545454546 0.12411764705882353 0.02181818181818182
18 0.14268823529411764 0.42275454545454544 0.14224705882352942 0.028836363636363636
7 0.23575882352941177 0.46693636363636365 0.39112941176470584 0.03235909090909091
6 0.25577058823529414 0.4302590909090909 0.08213529411764706 0.015063636363636364
16 0.2390294117647059 0.4108727272727273 0.044723529411764704 0.015686363636363637
5 0.3907411764705882 0.4311727272727273 0.08736470588235294 0.015377272727272727
0 0.39788823529411765 0.3723863636363636 0.08988823529411764 0.017504545454545453
2 0.20075882352941177 0.3295227272727273 0.0525 0.013590909090909091
14 0.11738235294117648 0.35576363636363634 0.10143529411764705 0.08274090909090909
12 0.6801235294117647 0.43581818181818177 0.2853352941176471 0.020604545454545455
1 0.6 0.45582727272727275 0.11568823529411763 0.010140909090909091
13 0.829535294117647 0.3139272727272727 0.06102941176470588 0.015736363636363635