19 0.321875374475734 0.5024355179704016 0.2982324745356501 0.015437632135306554
9 0.21449970041941283 0.47758985200845666 0.09227082085080887 0.019873150105708247
0 0.5620131815458358 0.1919661733615222 0.1006590772917915 0.02452431289640592
7 0.3786099460754943 0.29907399577167015 0.49958657878969437 0.04564904862579281
5 0.5629119233073697 0.2627906976744186 0.11443978430197724 0.019873150105708247
3 0.31306171360095864 0.5495813953488372 0.3025763930497304 0.060241014799154335
15 0.40690832834032353 0.21112896405919662 0.1906890353505093 0.01774630021141649
17 0.4724385859796285 0.19069767441860466 0.037747153984421807 0.017758985200845664
10 0.35829838226482924 0.16234249471458773 0.09766327142001198 0.011048625792811838
11 0.36039544637507487 0.18414376321353065 0.11683642899940083 0.02029598308668076
13 0.5560215698022768 0.13594080338266384 0.11204313960455363 0.023255813953488372
6 0.40023966446974235 0.2614545454545455 0.10346315158777712 0.019733615221987317
16 0.3930257639304973 0.2365031712473573 0.06905931695626123 0.01775475687103594
18 0.2110545236668664 0.23943763213530656 0.100557219892151 0.0320845665961945
4 0.4400479328939485 0.13061733615221988 0.035272618334331936 0.010355179704016913
2 0.34483523067705213 0.1435813953488372 0.06254643499101259 0.01372938689217759
20 0.32786099460754947 0.13066807610993655 0.028597962852007188 0.01186046511627907
14 0.23071899340922708 0.17271458773784357 0.11991611743559016 0.08609302325581396
8 0.230557219892151 0.46178435517970395 0.09762732174955063 0.014477801268498944
1 0.23797483523067706 0.629183932346723 0.14041941282204914 0.018054968287526427
13 0.5366746554823247 0.4521437632135306 0.06875973636908328 0.02056659619450317