20 0.38405797101449274 0.16930312099187686 0.04830917874396135 0.023086789226165028
11 0.5981280193236715 0.1725096194955109 0.12258454106280194 0.02436938862761864
17 0.5827294685990339 0.27661393758016245 0.04589371980676329 0.025651988029072252
5 0.7270531400966184 0.3755878580589996 0.14371980676328502 0.02522445489525438
9 0.221219806763285 0.6221376656690893 0.2153864734299517 0.02666096622488243
8 0.2261473429951691 0.5882855921333904 0.19504830917874397 0.026507054296707994
15 0.4746557971014493 0.306913210773835 0.20051932367149758 0.022116289012398458
0 0.44172705314009664 0.2731936725096195 0.14070048309178743 0.02479692176143651
10 0.453804347826087 0.23938435228730226 0.161231884057971 0.024010260795211628
13 0.7548309178743962 0.1834117144078666 0.17028985507246377 0.027362120564343735
3 0.39070048309178745 0.7293715262932877 0.5519323671497585 0.10431808465156049
12 0.38354468599033814 0.8036554082941428 0.5496980676328502 0.02201795639162035
1 0.23007246376811594 0.8393629756306114 0.21377415458937196 0.021603249251817017
13 0.6667693236714977 0.5835613510047029 0.13547101449275362 0.024758443779392902
7 0.4760386473429952 0.43064985036340314 0.7008756038647344 0.0558230012825994
18 0.2556159420289855 0.35645575032064986 0.13684178743961353 0.0562248824283882
6 0.4468055555555555 0.37083368961094487 0.14481884057971015 0.02341598973920479
16 0.4153623188405797 0.3389739204788371 0.07468599033816425 0.01612654980761009
4 0.4832850241545894 0.1697819581017529 0.03903381642512077 0.01976485677640017
2 0.41925724637681155 0.20571184266780676 0.08488526570048309 0.021513467293715262
14 0.26821859903381645 0.24760153911928173 0.19344202898550722 0.14633604104318085