9 0.1773529411764706 0.49704545454545457 0.1288235294117647 0.030454545454545453
3 0.21529411764705883 0.5797727272727272 0.20705882352941177 0.08045454545454546
10 0.33647058823529413 0.20045454545454544 0.12352941176470589 0.04727272727272727
7 0.11647058823529412 0.33181818181818185 0.6148483455882353 0.3590482954545455 0.6180928308823529 0.406015625 0.10967371323529412 0.3775568181818182
6 0.32950588235294115 0.3195636363636363 0.10607058823529411 0.022763636363636364
16 0.30807058823529415 0.29164545454545454 0.05144117647058824 0.019649999999999997
15 0.33517647058823524 0.2651136363636364 0.11270000000000001 0.021136363636363637
0 0.3297058823529412 0.2384090909090909 0.1111764705882353 0.021363636363636362
5 0.5464705882352942 0.32840909090909093 0.12 0.022272727272727274
17 0.43441176470588233 0.24386363636363637 0.04058823529411765 0.021363636363636362
13 0.5564705882352942 0.16977272727272727 0.13176470588235295 0.023181818181818182
18 0.1743294117647059 0.29729999999999995 0.07807058823529411 0.03642272727272727
4 0.3607941176470588 0.16169545454545456 0.03688235294117647 0.01611818181818182
11 0.44785882352941175 0.16548181818181817 0.09101764705882352 0.021877272727272728
20 0.29350588235294117 0.15971363636363636 0.029364705882352942 0.019422727272727272
14 0.2049529411764706 0.21417272727272726 0.13931764705882352 0.11380000000000001
8 0.20168823529411764 0.47292272727272733 0.1421941176470588 0.01856818181818182
13 0.4823764705882353 0.47853181818181817 0.09417058823529412 0.01888181818181818
12 0.29073529411764704 0.6344590909090909 0.3791176470588235 0.028922727272727274
1 0.1822058823529412 0.6580909090909091 0.14558823529411766 0.023454545454545454