14 0.19469246031746032 0.4158399470899471 0.2728174603174603 0.3819444444444444
2 0.4544890873015873 0.333994708994709 0.1922123015873016 0.04298941798941799
10 0.44208829365079366 0.4125330687830688 0.17981150793650794 0.054563492063492064
15 0.5574156746031746 0.5836640211640212 0.4154265873015873 0.046296296296296294
13 0.8333333333333334 0.30340608465608465 0.1909722222222222 0.054563492063492064
7 0.5003769841269842 0.8725595238095237 0.8891468253968254 0.17104828042328044
4 0.6176736111111111 0.275135582010582 0.0647123015873016 0.04762566137566138
20 0.41127728174603173 0.2629794973544973 0.03634424603174603 0.04315806878306878
18 0.2429265873015873 0.7009325396825397 0.2775198412698413 0.13863756613756614
6 0.5270486111111111 0.7570899470899471 0.19100198412698413 0.059156746031746026
5 0.8464905753968255 0.7632837301587302 0.17016121031746032 0.05831679894179894
11 0.47272817460317457 0.4954695767195767 0.22124751984126986 0.058399470899470896
0 0.8426884920634921 0.5122420634920635 0.1724826388888889 0.05887896825396826
16 0.5090798611111111 0.6748842592592592 0.14266121031746032 0.05347222222222222
17 0.6669593253968253 0.5099603174603174 0.03679563492063492 0.05431216931216932