13 0.42607060185185186 0.6754557291666666 0.044849537037037035 0.126953125
7 0.05960069444444444 0.49553819444444447 0.09412326388888889 0.5150911458333334
13 0.033998842592592594 0.2891710069444444 0.033275462962962965 0.10091145833333333
15 0.24016203703703703 0.4345703125 0.034722222222222224 0.0661892361111111
10 0.3197337962962963 0.3971354166666667 0.345775462962963 0.3949652777777778 0.3616898148148149 0.5088975694444444 0.33420138888888895 0.5110677083333334
14 0.21990740740740744 0.2463107638888889 0.4224537037037038 0.2322048611111111 0.43692129629629634 0.3591579861111111 0.22714120370370378 0.3743489583333333
20 0.41837673611111115 0.4087369791666667 0.018854166666666665 0.02754123263888889
4 0.4270341435185185 0.5262955729166667 0.02844907407407407 0.03407335069444444
11 0.2870804398148148 0.4344552951388889 0.034039351851851855 0.06740451388888889
17 0.3045515046296296 0.5700651041666667 0.024609375 0.026124131944444445
18 0.16655671296296296 0.29946180555555557 0.06690972222222223 0.10847222222222222
0 0.31365162037037037 0.6698914930555556 0.03702546296296296 0.10569661458333333
16 0.19681712962962963 0.48848307291666665 0.03483506944444444 0.07274305555555555
6 0.1482696759259259 0.5062717013888889 0.03033564814814815 0.10687282986111112
5 0.15697627314814813 0.6817078993055555 0.04003472222222223 0.11052300347222223