13 0.7371957236842105 0.27673976608187134 0.15389802631578947 0.06475146198830409
15 0.38569078947368424 0.46637426900584794 0.5814144736842105 0.4824561403508772 0.5748355263157895 0.52046783625731 0.38569078947368424 0.5 0.3840460526315789 0.45614035087719296
11 0.46463815789473684 0.42350877192982456 0.15859375 0.0506578947368421
10 0.39473684210526316 0.3230994152046784 0.484375 0.3347953216374269 0.4819078947368421 0.36988304093567254 0.390625 0.3538011695906433
2 0.39473684210526316 0.260233918128655 0.4786184210526316 0.2733918128654971 0.4720394736842105 0.3055555555555556 0.39473684210526316 0.29385964912280704
14 0.19161184210526316 0.17982456140350878 0.3824013157894737 0.2046783625730994 0.3667763157894737 0.5058479532163743 0.1455592105263158 0.48391812865497075
4 0.5673355263157894 0.2471783625730994 0.04914473684210526 0.034853801169590644
20 0.42422697368421053 0.23305555555555554 0.028437499999999998 0.040043859649122805
17 0.6162253289473685 0.42957602339181283 0.027097039473684213 0.048786549707602336
0 0.7454605263157895 0.4393567251461988 0.13988486842105263 0.06
7 0.46463815789473684 0.7948391812865496 0.7669325657894737 0.1675292397660819
6 0.5170394736842105 0.6507748538011696 0.14356907894736842 0.06095029239766082
16 0.4915296052631579 0.5732602339181286 0.08314967105263157 0.060482456140350874
5 0.7649506578947368 0.6641374269005847 0.15537006578947368 0.06261695906432749
18 0.25810855263157895 0.5899269005847954 0.17552631578947367 0.11052631578947368