13 0.8608247422680413 0.5837962962962963 0.21649484536082475 0.026851851851851852
15 0.3788659793814433 0.7388888888888889 0.6391752577319587 0.7333333333333333 0.6327319587628866 0.7592592592592593 0.375 0.7648148148148148
10 0.37628865979381443 0.6509259259259259 0.5631443298969072 0.6453703703703704 0.5579896907216495 0.675 0.37371134020618557 0.6787037037037037
2 0.3711340206185567 0.612037037037037 0.47036082474226804 0.6111111111111112 0.4639175257731959 0.6370370370370371 0.3582474226804124 0.6333333333333333
14 0.09407216494845361 0.5842592592592593 0.3492268041237113 0.5805555555555556 0.36597938144329895 0.7703703703703704 0.1056701030927835 0.7731481481481481
18 0.250270618556701 0.8298287037037038 0.22026417525773198 0.07632407407407409
7 0.5238530927835051 0.9244953703703704 0.8995103092783505 0.08510185185185185
6 0.5444007731958763 0.8364537037037038 0.1802963917525773 0.027074074074074073
16 0.5386082474226804 0.7945648148148148 0.14616623711340207 0.028944444444444446
5 0.8586984536082475 0.8326851851851852 0.18066365979381444 0.028800925925925928
0 0.869284793814433 0.7019027777777778 0.17929123711340206 0.031125000000000003
17 0.6805219072164949 0.7035324074074074 0.04661082474226804 0.029750000000000002
11 0.44295103092783505 0.7048194444444444 0.11592783505154639 0.023060185185185187
20 0.4050773195876288 0.5886944444444444 0.0434020618556701 0.02460648148148148
4 0.6086404639175258 0.583037037037037 0.07038015463917525 0.02486574074074074