14 0.21370701058201058 0.6460813492063492 0.19427910052910052 0.16741071428571427
7 0.45929232804232806 0.8681423611111111 0.7697718253968254 0.06713541666666667
15 0.46296296296296297 0.7214161706349206 0.2447089947089947 0.02418154761904762
13 0.7614087301587301 0.5825272817460317 0.17691798941798942 0.02418154761904762
2 0.3765707671957672 0.6017485119047619 0.06861772486772487 0.01922123015873016
10 0.4522156084656085 0.6352306547619048 0.2199074074074074 0.021701388888888888
20 0.38023478835978836 0.5706696428571428 0.032956349206349204 0.017827380952380952
4 0.5512698412698412 0.571202876984127 0.04268518518518519 0.01765128968253968
11 0.40605158730158736 0.6777951388888889 0.0912037037037037 0.02002232142857143
17 0.6047156084656085 0.6793849206349207 0.02556547619047619 0.019481646825396826
18 0.21418981481481483 0.7798685515873015 0.22831679894179893 0.06296130952380953
0 0.7567559523809523 0.6818948412698413 0.14777116402116403 0.025744047619047618
16 0.4504861111111111 0.7596651785714286 0.07094576719576719 0.02255456349206349
6 0.4861375661375661 0.8012251984126985 0.14390211640211642 0.025066964285714283
5 0.7562863756613757 0.8040600198412698 0.14683201058201056 0.02330109126984127