14 0.24 0.6025 0.20666666666666667 0.155
7 0.48834666666666665 0.798745 0.70336 0.062487499999999994
13 0.7333333333333333 0.5154175 0.17333333333333334 0.0258325
2 0.39166666666666666 0.55125 0.07222333333333333 0.0208325
10 0.43777666666666665 0.5883325 0.16889 0.02
15 0.49111 0.65875 0.28 0.0191675
6 0.42834666666666665 0.736235 0.14003 0.0224675
5 0.7342033333333334 0.735245 0.14673666666666665 0.020487500000000002
18 0.24358333333333335 0.7144175 0.18549666666666667 0.0400825
16 0.40785 0.6974575 0.10403666666666667 0.019915
0 0.4225 0.622985 0.13833 0.02097
17 0.5666666666666667 0.6215675 0.031663333333333335 0.0243875
4 0.44354333333333334 0.5136075 0.033756666666666664 0.017215
11 0.56755 0.5130875 0.12509666666666666 0.0136775
20 0.34791 0.5180275000000001 0.02082 0.017305