13 0.7163525132275133 0.6312003968253969 0.16451719576719576 0.01984126984126984
2 0.43444113756613756 0.6677827380952381 0.1595568783068783 0.017361111111111112
11 0.43301917989417993 0.7408829365079365 0.16057208994708994 0.02177827380952381
10 0.44932208994708994 0.7071552579365079 0.18766534391534392 0.016741071428571428
14 0.2451223544973545 0.7164558531746031 0.2091600529100529 0.15811011904761904
15 0.47040343915343913 0.7818700396825397 0.23313492063492064 0.01984126984126984
7 0.4925363756613757 0.9182787698412699 0.7271395502645502 0.0739905753968254
20 0.38150462962962967 0.6379861111111111 0.026679894179894182 0.01935763888888889
4 0.5432572751322751 0.6353670634920635 0.04815145502645503 0.020731646825396827
17 0.6006084656084656 0.7458333333333332 0.028379629629629626 0.028373015873015873
0 0.7536640211640211 0.7373214285714286 0.14709986772486772 0.02457589285714286
16 0.504431216931217 0.8206795634920635 0.14025462962962962 0.022643849206349206
6 0.514973544973545 0.8641220238095237 0.17015873015873015 0.03181547619047619
5 0.7437566137566137 0.8610590277777778 0.1559457671957672 0.032304067460317464
18 0.2837996031746032 0.8364310515873016 0.23691137566137566 0.060756448412698415