14 0.6428840361445783 0.8327058232931727 0.20519578313253012 0.2648092369477912
7 0.9305779367469879 0.5006275100401606 0.0878125 0.9987449799196787
13 0.5501694277108434 0.14056224899598393 0.03106174698795181 0.22088353413654618
2 0.5831137048192772 0.6362951807228916 0.023531626506024098 0.10040160642570281
10 0.6315888554216867 0.6369226907630522 0.02447289156626506 0.11420682730923695
15 0.7407756024096386 0.4982429718875502 0.032003012048192774 0.38403614457831325
4 0.5468844126506024 0.39962098393574297 0.03013930722891566 0.06882028112449799
20 0.5475432981927711 0.6242545180722892 0.025811370481927713 0.04619979919678715
11 0.6841698042168675 0.5801280120481928 0.03174134036144578 0.13615963855421687
17 0.6821442018072289 0.33138303212851405 0.02016378012048193 0.045298694779116466
0 0.6788817771084337 0.14894829317269076 0.03246234939759036 0.19498493975903616
16 0.7943505271084338 0.5050727911646586 0.0280835843373494 0.14668925702811245
6 0.8500263554216868 0.4726179718875502 0.037778614457831323 0.20226405622489962
5 0.8432191265060242 0.14076556224899597 0.033576807228915664 0.21125
18 0.8106099397590362 0.7924046184738956 0.06550640060240964 0.3800401606425703