13 0.826279296875 0.33414950980392155 0.18120768229166664 0.03758088235294118
11 0.4730338541666667 0.4115049019607843 0.18217773437499998 0.03379411764705882
10 0.38411458333333326 0.3570261437908496 0.5674913194444444 0.36683006535947715 0.5512152777777778 0.386437908496732 0.3819444444444444 0.3758169934640523
2 0.3873697916666666 0.3194444444444444 0.4871961805555556 0.3276143790849673 0.4698350694444444 0.3472222222222222 0.3830295138888889 0.33660130718954245
14 0.15299479166666666 0.27941176470588236 0.3776041666666666 0.2965686274509804 0.3526475694444445 0.46241830065359474 0.09874131944444443 0.4436274509803922
15 0.37326388888888884 0.4362745098039216 0.6966145833333334 0.45751633986928103 0.6922743055555555 0.48120915032679734 0.3700086805555555 0.4558823529411765
7 0.06293402777777775 0.5441176470588235 0.8836661444769964 0.5971934997957518 0.8727942572699652 0.6597956239787581 0.046505398220486084 0.6099749795751634
20 0.43548177083333334 0.305703431372549 0.028948567708333334 0.018269607843137258
4 0.6125944010416667 0.3155686274509804 0.051142578125000004 0.0216593137254902
17 0.6584114583333334 0.4236887254901961 0.03861002604166667 0.025480392156862743
0 0.8153808593749999 0.43404411764705886 0.16157877604166668 0.038024509803921566
18 0.2612044270833333 0.5010882352941176 0.1903776041666667 0.061
16 0.49741210937499997 0.49403676470588237 0.09638346354166666 0.024022058823529414
6 0.5172233072916667 0.5421985294117647 0.155537109375 0.03537745098039216
5 0.800087890625 0.5608063725490197 0.15486328125 0.03337745098039216