7 0.4264862745098039 0.7646949828962373 0.5294470588235294 0.0413654503990878
13 0.6380392156862745 0.5698403648802737 0.12313725490196079 0.01653363740022805
14 0.25176470588235295 0.620866590649943 0.14901960784313725 0.10946408209806158
11 0.3906588235294117 0.6398717217787914 0.07347450980392158 0.018340935005701255
10 0.36980392156862746 0.6143101482326112 0.06352941176470588 0.013112884834663626
2 0.37254901960784315 0.5900798175598632 0.0611764705882353 0.014823261117445839
15 0.45176470588235296 0.6684720638540479 0.22901960784313727 0.014253135689851768
20 0.3665686274509804 0.5677907639680729 0.023333333333333334 0.015285062713797034
4 0.4895921568627451 0.5659378563283922 0.04976862745098039 0.014429874572405929
17 0.5236549019607842 0.640490307867731 0.027701960784313726 0.016727480045610033
0 0.6321019607843137 0.6383095781071836 0.10929803921568626 0.016641961231470926
6 0.44327843137254896 0.7223175598631698 0.11008627450980393 0.019318700114025086
16 0.4238627450980392 0.6952251995438996 0.06341176470588235 0.01644811858608894
5 0.6355999999999999 0.7206157354618016 0.11825490196078432 0.018765678449258836
18 0.2929803921568628 0.7146493728620296 0.08399999999999999 0.04531641961231471