14 0.28125 0.30439814814814814 0.20285087719298245 0.4097222222222222
7 0.5162127192982455 0.87825 0.7941228070175438 0.1916851851851852
15 0.575109649122807 0.4409722222222222 0.3344298245614035 0.04861111111111111
10 0.46326754385964913 0.26157407407407407 0.10855263157894737 0.05555555555555555
2 0.4418859649122807 0.1840277777777778 0.06140350877192982 0.02546296296296296
13 0.7719298245614035 0.14699074074074073 0.1513157894736842 0.04398148148148148
20 0.4303728070175439 0.1246388888888889 0.02156359649122807 0.036314814814814814
4 0.5855482456140351 0.1278564814814815 0.0365921052631579 0.04274537037037037
11 0.46316447368421054 0.34557870370370375 0.09007236842105264 0.049185185185185186
0 0.7981995614035088 0.3420462962962963 0.13587280701754387 0.04828703703703704
6 0.5472609649122807 0.6649305555555556 0.14423245614035088 0.06443055555555555
5 0.8178574561403509 0.6502546296296297 0.14302412280701757 0.06902777777777777
17 0.6463771929824561 0.3464305555555555 0.03319517543859649 0.060148148148148145
18 0.2965197368421053 0.6479166666666667 0.23046491228070176 0.15076851851851852
16 0.5209824561403509 0.5600092592592593 0.09313377192982455 0.07371759259259258