14 0.1427079707622694 0.3232863393291201 0.27613296206056387 0.397019931939718
2 0.33472676644622346 0.23253767622751578 0.08005569091541942 0.046995624696159456
10 0.4559693699965193 0.3265289256198347 0.303978419770275 0.046995624696159456
15 0.5267420814479638 0.5177442877977637 0.45248868778280543 0.040510452114730186
13 0.8550887573964497 0.17906174039863879 0.22508527671423598 0.06319883325230918
7 0.488527671423599 0.85654350996597 0.960814479638009 0.15094312105007293
20 0.34718064740689175 0.17013125911521632 0.04231117298990602 0.04857559552746719
4 0.580570831883049 0.18015556635877492 0.06820396797772363 0.05890131259115216
11 0.3930978071702053 0.4337822070977151 0.12486599373477202 0.0540787554691298
17 0.6629968673860076 0.4184054448225571 0.031179951270449008 0.04601361205639281
18 0.19747650539505743 0.6596305298979095 0.1861120779672816 0.12658240155566358
16 0.4417716672467804 0.6202139037433155 0.08298294465715281 0.047754010695187164
6 0.5020501218238775 0.7158969372873116 0.19194222067525238 0.05114244044725328
5 0.8489731987469543 0.708750607681089 0.18733031674208148 0.05953330092367525
0 0.8451618517229377 0.4107972775887214 0.188990602158023 0.056728245017015066