2 0.38657004830917874 0.6991663103890551 0.1088828502415459 0.030226592560923474
20 0.37318840579710144 0.6746472851646003 0.04710144927536232 0.021376656690893545
9 0.11420289855072464 0.2988157332193245 0.10159420289855073 0.03328345446772125
8 0.1416062801932367 0.2526720820863617 0.16243961352657005 0.032492518170158184
15 0.4856099033816425 0.8132920051303976 0.28281400966183573 0.02760581445061992
7 0.46905193236714976 0.9480205215904233 0.7810990338164251 0.07474989311671655
6 0.5085929951690822 0.8888456605386919 0.17176932367149758 0.03763574176998717
16 0.4714794685990338 0.850166737922189 0.09754830917874395 0.02439931594698589
17 0.6156400966183575 0.7768277041470714 0.05253623188405797 0.02821718683197948
0 0.7762681159420289 0.7774690038477982 0.15881642512077296 0.026079521162890123
11 0.4178743961352657 0.7764001710132535 0.12077294685990338 0.026507054296707994
13 0.7681159420289855 0.6795639162035058 0.18961352657004832 0.027789653698161606
5 0.7762681159420289 0.8937580162462591 0.14553140096618358 0.02436938862761864
10 0.4381038647342995 0.7385378366823429 0.21557971014492755 0.027836682342881572
3 0.2898550724637681 0.4221889696451475 0.4553140096618358 0.12954253954681488
13 0.7002053140096618 0.25239846088071827 0.13833333333333334 0.03451047456177854
12 0.39114734299516907 0.5165882855921333 0.6434118357487922 0.03274903805044891
1 0.20441425120772946 0.564450619923044 0.27597222222222223 0.0386960239418555
4 0.5597463768115942 0.6752800342026507 0.06877415458937199 0.02520735356990167
18 0.24195048309178746 0.8654809747755451 0.1698973429951691 0.0764044463445917
14 0.22182367149758453 0.7436212056434374 0.19606884057971014 0.14050876442924326