2 0.3935117647058824 0.48917857142857146 0.09291176470588235 0.021210714285714288
20 0.3926470588235294 0.4592857142857143 0.05588235294117647 0.020714285714285713
7 0.47695294117647064 0.7270678571428572 0.8597823529411766 0.061274999999999996
5 0.815 0.6708928571428572 0.18176470588235294 0.026071428571428572
17 0.6494117647058824 0.56125 0.06352941176470588 0.026071428571428572
11 0.425 0.5575 0.1288235294117647 0.025714285714285714
0 0.8358823529411765 0.5644642857142858 0.2023529411764706 0.026071428571428572
13 0.83 0.4680357142857143 0.2164705882352941 0.026785714285714284
10 0.45029411764705884 0.5243321428571429 0.23470588235294118 0.021339285714285713
4 0.5902411764705883 0.46169642857142856 0.06578235294117647 0.019825
15 0.4576235294117647 0.5986821428571428 0.2299529411764706 0.025939285714285713
6 0.5128647058823529 0.6724892857142857 0.17278823529411766 0.030692857142857143
16 0.5033 0.6349 0.13885882352941176 0.01980357142857143
18 0.23908235294117647 0.6621678571428571 0.29286470588235297 0.04754642857142857
14 0.20721176470588235 0.5311178571428572 0.25265882352941177 0.14616785714285713