16 0.2313440405748098 0.7421256038647344 0.10258241758241758 0.025320048309178743
11 0.22633136094674555 0.7007850241545893 0.05874894336432798 0.024758454106280192
10 0.23436179205409974 0.6664070048309179 0.10101437024513947 0.03071256038647343
2 0.2001352493660186 0.6321859903381644 0.03013102282333052 0.025241545893719804
20 0.20646661031276417 0.5984299516908212 0.026627218934911243 0.024154589371980676
17 0.3224852071005917 0.7032004830917874 0.030431107354184278 0.029589371980676328
19 0.5992645815722738 0.7433574879227053 0.11822062552831783 0.027771739130434785
9 0.5983939137785291 0.702481884057971 0.11309805579036347 0.02573671497584541
8 0.6073541842772612 0.6654589371980676 0.1301775147928994 0.030193236714975844
13 0.3975063398140321 0.6005434782608695 0.09594251901944209 0.0320048309178744
3 0.665469146238377 0.8158333333333333 0.25486052409129334 0.106256038647343
5 0.39475908706677937 0.8155193236714976 0.08960270498732037 0.030797101449275364
0 0.3956043956043956 0.7016908212560387 0.08537616229923922 0.028985507246376812
18 0.14715976331360947 0.7961714975845411 0.08129754860524091 0.05127415458937198
7 0.24090448013524937 0.8831400966183575 0.39051563820794594 0.058556763285024155
6 0.26838968723584106 0.822542270531401 0.09214708368554522 0.03397946859903382
16 0.25392645815722736 0.7854227053140097 0.051382079459002535 0.027367149758454105
4 0.294530853761623 0.5982185990338164 0.03284868977176669 0.024939613526570047
1 0.6822654268808115 0.9347826086956522 0.29267540152155536 0.03140700483091787
12 0.6700211327134404 0.8915217391304348 0.25973795435333896 0.03182971014492754
14 0.11987743026204564 0.6732125603864734 0.1079839391377853 0.15319444444444444