0 0.69 0.5884090909090909 0.1223529411764706 0.021363636363636362
15 0.4965294117647059 0.6246954545454545 0.17149411764705882 0.01605909090909091
11 0.4638235294117647 0.5984090909090909 0.12529411764705883 0.021363636363636362
5 0.6947058823529412 0.6747727272727273 0.1188235294117647 0.021363636363636362
10 0.43065294117647057 0.5696318181818182 0.06484117647058824 0.021645454545454544
2 0.43038235294117644 0.5397454545454545 0.050958823529411765 0.02191818181818182
20 0.43 0.5213636363636364 0.04 0.01818181818181818
17 0.5855882352941176 0.5925 0.039411764705882354 0.019545454545454546
13 0.6997058823529412 0.519090909090909 0.13823529411764707 0.02181818181818182
6 0.5246941176470589 0.6772727272727272 0.11213529411764706 0.019700000000000002
16 0.4943294117647059 0.6510909090909092 0.0553235294117647 0.018845454545454547
18 0.3165470588235294 0.6665090909090908 0.13112941176470588 0.04211363636363637
7 0.49718823529411765 0.7302000000000001 0.5532 0.05130909090909091
4 0.5565470588235294 0.5198409090909092 0.050352941176470586 0.018468181818181818
14 0.31530588235294116 0.576490909090909 0.1698235294117647 0.11661818181818182