2 0.37864734299516906 0.4618512184694314 0.06164251207729469 0.017332193244976486
20 0.3626207729468599 0.4386489952971355 0.03683574879227053 0.017101325352714837
13 0.6295289855072463 0.4478409576742198 0.1286231884057971 0.021804189824711415
10 0.4033816425120773 0.4867079948696024 0.11594202898550725 0.01589995724668662
17 0.5054347826086957 0.5158187259512612 0.043478260869565216 0.021804189824711415
15 0.42137681159420287 0.5392176143651133 0.15434178743961352 0.019863189397178283
0 0.40006038647342995 0.5130397605814451 0.10809178743961352 0.020521590423257803
7 0.43094202898550726 0.637032920051304 0.5309661835748792 0.05645575032064985
5 0.6189613526570048 0.5929884566053869 0.12439613526570048 0.020521590423257803
6 0.3973490338164251 0.5892774690038478 0.10387681159420291 0.02592560923471569
16 0.3922705314009662 0.5639760581445062 0.10096618357487921 0.023202223172295856
18 0.23647946859903382 0.5745446772124839 0.12271135265700484 0.0392176143651133
4 0.4320289855072464 0.4368704574604532 0.035555555555555556 0.01354852501068833
11 0.5206884057971014 0.4411372381359555 0.10176328502415459 0.018661821291150064
14 0.25783212560386476 0.4881530568619068 0.15093599033816424 0.1041342454040188