5 0.5229746070133011 0.5679777682770415 0.13180169286577992 0.021804189824711415
0 0.5205562273276905 0.4861051731509192 0.13422007255139057 0.026507054296707994
13 0.5299274486094316 0.41278324070115435 0.12877871825876663 0.020949123557075674
10 0.2594195888754534 0.4621932449764857 0.07627569528415962 0.019606669516887557
17 0.41807738814993956 0.48631893971782814 0.039298669891172915 0.020094057289439932
11 0.28143893591293834 0.4861051731509192 0.09371221281741234 0.021376656690893545
2 0.2716324062877872 0.434856776400171 0.08618500604594923 0.018063274903805045
20 0.2584643288996372 0.41299700726806327 0.044135429262394194 0.017101325352714837
4 0.38347642079806527 0.41097905087644293 0.03539298669891173 0.015348439504061564
15 0.3197944377267231 0.5176955964087218 0.19218863361547764 0.017862334330910647
7 0.30151148730350663 0.6256947413424541 0.5607013301088271 0.0638563488670372
6 0.35053808948004833 0.574424967935015 0.12267230955259976 0.017310816588285594
16 0.34510882708585244 0.5447883710987601 0.10779322853688028 0.019324497648567765
18 0.15000604594921405 0.5702137665669089 0.19521765417170495 0.04023941855493801
14 0.12446795646916566 0.46760581445061994 0.16630592503022973 0.11577169730654127