2 0.4359480676328502 0.6104617357845232 0.13275966183574878 0.020410431808465156
20 0.41243961352657005 0.5808037622915776 0.05434782608695652 0.022659256092347157
17 0.6594202898550725 0.6842667806755024 0.059178743961352656 0.027789653698161606
11 0.4583333333333333 0.6898247114151347 0.2028985507246377 0.029499786233433092
13 0.8218599033816425 0.5780247969217615 0.20169082125603865 0.029927319367250963
0 0.831219806763285 0.6774262505344164 0.17572463768115942 0.027789653698161606
5 0.8354468599033816 0.8009833262077811 0.1793478260869565 0.029499786233433092
10 0.473731884057971 0.6513766566908935 0.24456521739130435 0.025168875587858058
4 0.6121437198067633 0.575168875587858 0.06245169082125604 0.02335613510047029
15 0.5443357487922705 0.7257075673364686 0.38335748792270535 0.02174861051731509
16 0.5000664251207729 0.7669773407439077 0.11849033816425121 0.02219752030782386
18 0.22109299516908212 0.7946002565198803 0.17407608695652174 0.05008550662676357
6 0.5390338164251207 0.8088542112013681 0.1698490338164251 0.020448909790508764
7 0.49426328502415456 0.8770756733646857 0.8701630434782609 0.07137665669089353
14 0.2256340579710145 0.6565754595981189 0.25078502415458936 0.15880718255664814