13 0.7244404113732608 0.460239418554938 0.1336963097398669 0.022659256092347157
11 0.46823956442831216 0.5226592560923472 0.08832425892316999 0.020094057289439932
2 0.45619479733817303 0.4758101752885849 0.08661222020568662 0.01639162035057717
20 0.4470659407138536 0.4514749893116717 0.039927404718693285 0.016246259085079092
17 0.6025408348457351 0.5271483539974348 0.0411373260738052 0.022231722958529286
10 0.4436660617059891 0.49981616075245827 0.0706291591046582 0.01633176571184267
5 0.7126436781609196 0.6064557503206498 0.12583182093163944 0.020094057289439932
0 0.7159709618874773 0.5267208208636169 0.12159709618874773 0.01966652415562206
4 0.5748154869933454 0.45195382642154763 0.04687235329703569 0.01586147926464301
15 0.473805202661827 0.55368533561351 0.12140955837870539 0.018995297135528003
18 0.35511191772534784 0.5959940145361265 0.1761343012704174 0.02665669089354425
6 0.5189110707803992 0.608469431380932 0.10790683605565639 0.02595553655408294
16 0.4951179673321234 0.5817400598546387 0.056866303690260134 0.01891406584010261
7 0.5036963097398669 0.654305258657546 0.5510828796128252 0.04188969645147499
14 0.3290139140955838 0.5019452757588713 0.14640048396854205 0.10606669516887558