2 0.42736714975845413 0.5079905942710561 0.06166666666666667 0.015557930739632322
20 0.41153381642512077 0.48033347584437797 0.03683574879227053 0.016673792218896963
13 0.6920289855072463 0.48995297135528004 0.13285024154589373 0.021376656690893545
10 0.5075483091787439 0.5367764001710132 0.21195652173913043 0.01580162462590851
17 0.5640096618357487 0.563061137238136 0.04106280193236715 0.022231722958529286
15 0.48185990338164253 0.588251389482685 0.17467391304347826 0.022167592988456605
0 0.4507850241545894 0.5613510047028645 0.11533816425120773 0.022231722958529286
7 0.4831038647342995 0.6839504061564772 0.5434963768115942 0.04539974348011971
5 0.6790458937198067 0.6419410004275331 0.12620772946859904 0.01923899102180419
4 0.48132850241545894 0.478110303548525 0.02867753623188406 0.012796066695168876
11 0.5777355072463768 0.4800384779820436 0.10072463768115943 0.01523300555793074
6 0.45068840579710145 0.6419965797349295 0.10427536231884059 0.021346729371526294
16 0.4378985507246377 0.6127533133817871 0.07668478260869564 0.01701581872595126
18 0.30339975845410627 0.6256562633604105 0.12170289855072464 0.03569474134245404
14 0.31185990338164254 0.54377939290295 0.1365942028985507 0.10851218469431381