8 0.20823529411764705 0.6181818181818182 0.24235294117647058 0.03363636363636364
17 0.6535294117647059 0.21863636363636363 0.06588235294117648 0.034545454545454546
20 0.3870588235294118 0.09090909090909091 0.06 0.028181818181818183
0 0.8361764705882353 0.22 0.17823529411764705 0.03
11 0.4338235294117647 0.215 0.21470588235294116 0.034545454545454546
5 0.8282352941176471 0.36318181818181816 0.19176470588235295 0.03363636363636364
10 0.4541176470588235 0.14909090909090908 0.2388235294117647 0.07272727272727272
13 0.8447058823529412 0.1075 0.22 0.03318181818181818
3 0.27941176470588236 0.7970454545454545 0.4047058823529412 0.13863636363636364
4 0.5914588235294118 0.09798636363636364 0.053505882352941174 0.023240909090909093
15 0.46472941176470584 0.2610409090909091 0.23142352941176472 0.03723636363636364
16 0.5161235294117646 0.30878636363636364 0.18127058823529413 0.029690909090909087
18 0.23491764705882354 0.32604999999999995 0.19140588235294118 0.07179545454545454
6 0.5113823529411765 0.3541818181818182 0.17570588235294116 0.026545454545454546
7 0.48965882352941176 0.4358863636363637 0.8969647058823529 0.09147272727272727
9 0.15051176470588234 0.6640681818181818 0.11671176470588235 0.02661818181818182
1 0.2045 0.9494090909090909 0.2521411764705882 0.03366818181818181
13 0.7381705882352941 0.6332636363636364 0.11947647058823531 0.021077272727272726