2 0.417457886676876 0.08892448512585813 0.10240428790199081 0.019570938215102977
20 0.37978560490045943 0.057208237986270026 0.04134762633996937 0.019450800915331808
11 0.5696784073506891 0.05835240274599542 0.11332312404287902 0.021739130434782608
15 0.4529938744257274 0.18691647597254005 0.173468606431853 0.021041189931350113
11 0.4234303215926493 0.15274599542334097 0.1225114854517611 0.02288329519450801
0 0.4261102603369066 0.15160183066361557 0.12327718223583461 0.02517162471395881
7 0.46075038284839204 0.29863272311212813 0.615229709035222 0.053787185354691076
5 0.6826186830015314 0.25143020594965676 0.12940275650842267 0.02345537757437071
17 0.5551301684532925 0.15503432494279176 0.042879019908116385 0.02402745995423341
19 0.24821592649310875 0.454370709382151 0.17994640122511485 0.02583524027459954
9 0.24548238897396632 0.42347826086956525 0.16936447166921897 0.019342105263157897
8 0.2557427258805513 0.3933066361556064 0.17611026033690658 0.02459954233409611
13 0.7120980091883614 0.06378718535469108 0.15773353751914243 0.02459954233409611
10 0.43683001531393567 0.1206350114416476 0.15237366003062788 0.01960526315789474
3 0.3273353751914242 0.5165903890160183 0.3683001531393568 0.09839816933638444
4 0.4604747320061256 0.060457665903890165 0.045505359877488515 0.014130434782608696
6 0.41976263399693725 0.24638443935926774 0.12232006125574273 0.021750572082379866
16 0.4198621745788668 0.2151487414187643 0.11741960183767228 0.02412471395881007
14 0.268583460949464 0.12522311212814644 0.17728943338437977 0.13221395881006867
12 0.38418070444104135 0.590783752860412 0.48759571209800917 0.03168192219679634
1 0.23801684532924963 0.6236784897025172 0.1927258805513017 0.019284897025171624
13 0.6174655436447166 0.387974828375286 0.12212098009188362 0.024610983981693365
18 0.24754211332312406 0.22090961098398168 0.15307044410413476 0.04136155606407323