20 0.34631642512077293 0.5664814023086789 0.057367149758454104 0.02394185549380077
15 0.4952958937198068 0.7326207781103035 0.3233152173913043 0.02659256092347157
17 0.6068840579710145 0.6881145788798632 0.06280193236714976 0.030354852501068834
5 0.7974033816425121 0.8161607524583155 0.1817632850241546 0.030782385634886705
13 0.8278985507246377 0.5784523300555793 0.2210144927536232 0.034202650705429674
11 0.6253019323671497 0.5651988029072254 0.17572463768115942 0.02907225309961522
0 0.41878019323671495 0.6893971782813167 0.1793478260869565 0.03292005130397606
10 0.4438405797101449 0.6463061137238136 0.23309178743961353 0.03103463018383925
4 0.46970410628019327 0.5655664814023086 0.051721014492753625 0.023817870884993587
6 0.4222584541062802 0.8167849508336896 0.18631038647342993 0.02391192817443352
16 0.41756038647342997 0.7774433518597692 0.1859661835748792 0.03500641299700727
7 0.49491545893719807 0.8935014963659684 0.9022644927536232 0.06831979478409578
18 0.18144927536231886 0.8010175288584865 0.1847644927536232 0.05436938862761864
14 0.18946256038647344 0.6585079093629757 0.24304951690821255 0.17336896109448482
2 0.4115579710144927 0.6010602821718684 0.15081521739130435 0.026404446344591704