17 0.6361714975845411 0.47734074390765285 0.07427536231884058 0.02394185549380077
11 0.5150966183574879 0.476913210773835 0.07910628019323672 0.01923899102180419
13 0.7439613526570048 0.4125694741342454 0.1292270531400966 0.01966652415562206
10 0.48007246376811596 0.45446772124839674 0.08393719806763285 0.01966652415562206
2 0.4851690821256039 0.4321718683197948 0.04844202898550724 0.017828131680205216
20 0.490036231884058 0.41000427533133815 0.03804347826086957 0.015391192817443352
0 0.7442632850241546 0.480119709277469 0.11654589371980677 0.01795639162035058
7 0.5441243961352658 0.5982000855066267 0.5145772946859903 0.047764001710132536
5 0.7409420289855072 0.5547242411286875 0.11956521739130435 0.01838392475416845
4 0.6070289855072464 0.41100897819581017 0.0325 0.012560923471569046
15 0.5679287439613526 0.5095254382214621 0.2018719806763285 0.018627618640444633
6 0.5661171497584541 0.5562975630611373 0.12176328502415458 0.01811030354852501
16 0.5441606280193236 0.5310773834972211 0.0617512077294686 0.01612654980761009
18 0.4033514492753624 0.5506755023514323 0.1303743961352657 0.03536981616075246
14 0.38454106280193234 0.45631466438648993 0.15515096618357488 0.09034630183839247