0 0.7261764705882353 0.23727272727272727 0.15705882352941178 0.026363636363636363
19 0.17101764705882355 0.6855772727272728 0.23909411764705882 0.030245454545454548
9 0.1485 0.642440909090909 0.17346470588235294 0.025795454545454545
8 0.12911764705882353 0.5961363636363637 0.15705882352941178 0.03409090909090909
2 0.39447058823529413 0.15632272727272728 0.13599999999999998 0.021731818181818182
20 0.3688235294117647 0.1290909090909091 0.058823529411764705 0.026363636363636363
15 0.5448882352941176 0.2833181818181818 0.43684117647058823 0.025722727272727276
11 0.4126470588235294 0.24204545454545454 0.17823529411764705 0.026818181818181817
10 0.4223529411764706 0.19386363636363638 0.20941176470588235 0.03
13 0.7405882352941177 0.1431818181818182 0.18 0.03272727272727273
5 0.7211764705882353 0.36 0.15411764705882353 0.028181818181818183
3 0.24705882352941178 0.7638636363636364 0.39294117647058824 0.12681818181818183
17 0.5705882352941176 0.23613636363636364 0.08470588235294117 0.03772727272727273
4 0.5414 0.12876363636363636 0.05338823529411765 0.027981818181818184
6 0.48241764705882356 0.3648227272727273 0.14718823529411765 0.03419090909090909
16 0.4641823529411765 0.3187227272727273 0.1224764705882353 0.030622727272727274
18 0.19783529411764705 0.33992272727272727 0.13391176470588237 0.057113636363636366
7 0.43995294117647055 0.43453636363636367 0.7622529411764706 0.0690681818181818
12 0.3495 0.8563 0.5931117647058823 0.03532272727272727
1 0.1627235294117647 0.8990545454545454 0.22838823529411764 0.02765909090909091
13 0.6532058823529412 0.5808136363636364 0.11523529411764706 0.025268181818181818
14 0.21295882352941176 0.20331363636363636 0.22003529411764705 0.17707727272727272