2 0.46210748792270534 0.6180290722530996 0.0908816425120773 0.0133133817870885
20 0.4375 0.6015391192817443 0.030797101449275364 0.017101325352714837
11 0.453804347826087 0.6637451902522445 0.07910628019323672 0.017528858486532708
7 0.4826509661835749 0.7769645147498931 0.4988224637681159 0.04474134245404019
5 0.6745169082125604 0.741556220607097 0.11835748792270531 0.016673792218896963
10 0.47554347826086957 0.6428730226592562 0.13828502415458938 0.01566481402308679
17 0.5818236714975845 0.6673792218896965 0.0392512077294686 0.01881145788798632
0 0.6772342995169082 0.6714407866609662 0.1213768115942029 0.017528858486532708
13 0.6871980676328503 0.6079521162890124 0.12318840579710146 0.021376656690893545
4 0.547457729468599 0.6008336896109449 0.04116545893719807 0.012056434373663959
15 0.5030978260869565 0.6907097050021377 0.1758756038647343 0.019726378794356562
16 0.4900603864734299 0.7154424967935016 0.06525966183574879 0.01788371098760154
6 0.5140760869565217 0.7402094912355707 0.11631642512077295 0.01719110731081659
18 0.36443236714975846 0.7222616502778965 0.10236111111111111 0.048623343309106455
14 0.3279045893719807 0.6441299700726806 0.13647946859903382 0.09437366395895683