7 0.050673828125 0.50953125 0.09576171875 0.9372135416666666
13 0.3779296875 0.7447916666666666 0.4072265625 0.7434895833333334 0.404296875 0.96875 0.3701171875 0.96484375
10 0.314453125 0.359375 0.3388671875 0.3606770833333333 0.3349609375 0.7682291666666666 0.3017578125 0.7630208333333334
15 0.2177734375 0.36328125 0.25390625 0.3619791666666667 0.244140625 0.7356770833333334 0.208984375 0.7265625
14 0.228515625 0.10026041666666667 0.421875 0.12239583333333333 0.408203125 0.3580729166666667 0.22265625 0.34375
20 0.408251953125 0.41371093750000004 0.02701171875 0.03872395833333333
4 0.402255859375 0.6091796875000001 0.026044921875 0.0687890625
11 0.281455078125 0.4614583333333333 0.0327734375 0.21235677083333335
17 0.27001953125 0.6557552083333333 0.0322265625 0.05779947916666667
0 0.26802734375 0.8662760416666666 0.03103515625 0.19608072916666666
6 0.132724609375 0.5590885416666667 0.031064453125 0.18809895833333334
16 0.18185546875 0.5221354166666666 0.026103515625 0.11421875
5 0.118583984375 0.8629036458333333 0.030693359375 0.2079427083333333
18 0.169619140625 0.22069010416666668 0.085322265625 0.24421875