11 0.48643006263048016 0.404609375 0.059498956158663886 0.1295234375
10 0.569937369519833 0.384375 0.04175365344467641 0.103125
15 0.4123173277661795 0.46640625 0.04801670146137787 0.2859375
7 0.07561586638830897 0.48693749999999997 0.14600208768267223 0.9152734375
13 0.6711899791231732 0.78828125 0.05219206680584551 0.2109375
14 0.5615866388308977 0.18125 0.33402922755741127 0.25625
20 0.6903549060542797 0.37560937499999997 0.05502087682672234 0.0637109375
4 0.6796972860125261 0.5645625 0.04414405010438413 0.0744375
17 0.485866388308977 0.628578125 0.05315240083507307 0.05792968750000001
0 0.4831837160751566 0.7935390625000001 0.05822546972860125 0.176921875
6 0.23485386221294363 0.5006875 0.057379958246346556 0.1888828125
16 0.32244258872651355 0.4692890625 0.06033402922755741 0.118265625
5 0.23093945720250522 0.8042031250000001 0.07042797494780793 0.2099765625
18 0.28792275574112736 0.178546875 0.07479123173277663 0.19303125000000002