10 0.6175595238095238 0.47619047619047616 0.03802910052910053 0.18353174603174602
2 0.6870039682539683 0.46378968253968256 0.03141534391534392 0.1488095238095238
15 0.44312169312169314 0.3732638888888889 0.48776455026455035 0.37450396825396826 0.47619047619047616 0.7440476190476191 0.4298941798941799 0.7440476190476191
14 0.597718253968254 0.22197420634920634 0.34226190476190477 0.28273809523809523
11 0.5449107142857142 0.44766617063492065 0.044851190476190475 0.10912202380952381
13 0.6889021164021163 0.8224131944444444 0.056190476190476187 0.17811011904761903
20 0.7530952380952382 0.42321924603174604 0.04124669312169312 0.04038442460317461
4 0.7358730158730159 0.6087673611111112 0.03656415343915344 0.06674107142857143
6 0.2902116402116402 0.5510292658730159 0.04801587301587301 0.1843998015873016
16 0.3740443121693121 0.5148784722222222 0.04703373015873016 0.09969494047619049
5 0.2805059523809524 0.8299181547619048 0.0517526455026455 0.1692609126984127
17 0.5265972222222223 0.6616989087301587 0.04128968253968254 0.04611607142857143
18 0.3540376984126984 0.2164012896825397 0.08968584656084655 0.15502480158730159
0 0.5158234126984127 0.8245238095238095 0.03958664021164021 0.16095238095238096
7 0.12610780423280424 0.4789409722222222 0.15962301587301586 0.9256374007936509