13 0.7373366013071896 0.6672597864768683 0.12826797385620914 0.018979833926453145
10 0.5441176470588235 0.7099644128113879 0.20751633986928106 0.014234875444839857
2 0.4812091503267974 0.685349940688019 0.08986928104575163 0.01482799525504152
15 0.5339052287581699 0.7654211150652431 0.1919934640522876 0.013641755634638196
14 0.3443627450980392 0.713226571767497 0.16584967320261437 0.11803084223013048
20 0.46388888888888885 0.664638196915777 0.02908496732026144 0.01255041518386714
4 0.5886274509803922 0.6637010676156584 0.04073529411764706 0.01461447212336892
11 0.49754901960784315 0.7369157769869514 0.12364379084967321 0.013451957295373665
0 0.7304084967320261 0.7379359430604983 0.10277777777777777 0.01546856465005931
17 0.627107843137255 0.7390865954922894 0.024133986928104575 0.017212336892052194
18 0.3875326797385621 0.8043534994068803 0.2194934640522876 0.02705812574139976
6 0.5552124183006536 0.818956109134045 0.09918300653594772 0.018042704626334522
5 0.7332679738562091 0.8174377224199288 0.11032679738562091 0.016322657176749703
16 0.5337418300653595 0.7936654804270462 0.07076797385620916 0.013594306049822065
7 0.5185947712418301 0.8627283511269276 0.5415522875816994 0.04627520759193357