13 0.871973840665874 0.24170320404721757 0.2140309155766944 0.08993254637436762
15 0.5975029726516052 0.5340134907251265 0.4260760998810939 0.07870151770657673
10 0.43499405469678953 0.3330522765598651 0.1090011890606421 0.05340640809443508
2 0.43896551724137933 0.25155143338954467 0.10502972651605232 0.05902192242833052
14 0.22096313912009513 0.37381112984822934 0.2754696789536266 0.4272006745362563
20 0.42889417360285376 0.18247892074198988 0.04657550535077289 0.053929173693086
4 0.6394768133174792 0.1991399662731872 0.0740309155766944 0.053524451939291735
11 0.48172413793103447 0.4243507588532883 0.2183115338882283 0.06173693086003373
0 0.894078478002378 0.452512647554806 0.1816052318668252 0.07308600337268129
6 0.5649464922711058 0.7276222596964587 0.19185493460166467 0.06868465430016862
5 0.902960760998811 0.7367116357504216 0.19407847800237812 0.07937605396290051
16 0.5492627824019025 0.6170657672849916 0.15784780023781214 0.061197301854974705
17 0.7167657550535077 0.4313153456998314 0.05156956004756242 0.05318718381112985
18 0.2306183115338882 0.6665430016863406 0.18643281807372175 0.14139966273187182
7 0.5191557669441141 0.8962900505902193 0.9616884661117717 0.20741989881956155