13 0.8487654320987654 0.5878485491861288 0.20180436847103514 0.03273177636234961
11 0.46653371320037984 0.6977777777777778 0.19471035137701803 0.027898089171974522
10 0.4243874643874644 0.6572894550601557 0.11752136752136752 0.024769992922859165
2 0.40420702754036086 0.6170417551309271 0.08190883190883191 0.02034677990092003
14 0.22673314339981007 0.6599433828733192 0.2564102564102564 0.20346779900920028
15 0.48136752136752137 0.747523000707714 0.22673314339981007 0.028308563340410473
7 0.5051661918328586 0.9177565463552725 0.8583855650522317 0.09452937013446568
18 0.29973409306742643 0.8114154281670205 0.1531244064577398 0.06762915782024062
17 0.659031339031339 0.7109978768577495 0.04314339981006648 0.038414720452937014
16 0.49865147198480536 0.7877636234961075 0.10698955365622032 0.029171974522292993
6 0.5269705603038937 0.8363623496107573 0.1683760683760684 0.0272965322009908
5 0.8306552706552706 0.83965322009908 0.1679582146248813 0.03564048124557679
4 0.6138841405508072 0.5793630573248407 0.06917378917378918 0.022837933474876154
0 0.8376638176638176 0.7062845010615711 0.1748528015194682 0.03430290162774239
20 0.412022792022792 0.5792639773531493 0.03108262108262108 0.026185421089879687