14 0.23284313725490197 0.5228758169934641 0.19403492647058826 0.26688316993464056
13 0.7735906862745098 0.3744566993464052 0.1828033088235294 0.049019607843137254
7 0.47472732843137255 0.9069771241830066 0.9157567401960784 0.12482434640522876
10 0.38704963235294115 0.5031331699346405 0.07761335784313726 0.03131944444444445
2 0.3911366421568628 0.44730392156862747 0.07965686274509803 0.03131944444444445
15 0.4365808823529412 0.6243178104575163 0.2032261029411765 0.03676470588235294
20 0.3882230392156863 0.3992238562091503 0.02889705882352941 0.028435457516339867
4 0.5543045343137255 0.38735294117647057 0.04396446078431373 0.04145424836601307
11 0.4066819852941177 0.5575204248366012 0.09185355392156863 0.03048611111111111
17 0.6116299019607843 0.5470588235294118 0.029938725490196078 0.036111111111111115
0 0.7749295343137255 0.5384926470588235 0.1681188725490196 0.03327614379084967
18 0.22829350490196076 0.7463970588235295 0.2513174019607843 0.09165032679738562
16 0.44850183823529416 0.6903553921568627 0.09124080882352942 0.04083741830065359
6 0.48020833333333335 0.76984477124183 0.16691176470588234 0.044591503267973856
5 0.7968014705882354 0.7590236928104575 0.17049938725490196 0.04133169934640523