13 0.7591948051948052 0.14699074074074073 0.1634155844155844 0.028546296296296295
7 0.5025714285714286 0.4037685185185185 0.6958181818181818 0.05838888888888889
13 0.6753246753246753 0.6080277777777777 0.12337662337662338 0.020064814814814817
15 0.4897142857142857 0.27469444444444446 0.18723376623376622 0.023148148148148147
0 0.45762337662337665 0.24001851851851855 0.13366233766233768 0.023805555555555555
10 0.47185714285714286 0.20562962962962963 0.15584415584415584 0.019287037037037037
2 0.43506493506493504 0.17052777777777778 0.08009090909090909 0.015435185185185187
14 0.28625974025974027 0.21566666666666665 0.19155844155844157 0.13349074074074072
3 0.3641818181818182 0.7446018518518518 0.39285714285714285 0.0941388888888889
1 0.26190909090909087 0.8568703703703703 0.21211688311688312 0.023916666666666666
20 0.3938311688311688 0.13933333333333334 0.022610389610389612 0.02277777777777778
4 0.491012987012987 0.1372962962962963 0.04931168831168831 0.017018518518518516
11 0.6061948051948052 0.13762037037037037 0.1214805194805195 0.01599074074074074
6 0.4585844155844156 0.33725925925925926 0.1284935064935065 0.01963888888888889
5 0.747090909090909 0.3397037037037037 0.1388181818181818 0.022833333333333334
16 0.44162337662337664 0.3049074074074074 0.09694805194805195 0.020583333333333335
18 0.2616103896103896 0.31875925925925924 0.15723376623376623 0.04492592592592593
17 0.5973246753246754 0.23725925925925928 0.03524675324675325 0.021657407407407406
8 0.29724675324675326 0.6075092592592592 0.22796103896103898 0.027777777777777776
19 0.26846753246753247 0.6776203703703704 0.17906493506493507 0.03219444444444445
9 0.2548051948051948 0.6408240740740742 0.16618181818181818 0.028574074074074075
12 0.4231558441558441 0.8190185185185185 0.525974025974026 0.0330925925925926