13 0.826306216931217 0.5726066468253969 0.1810515873015873 0.027901785714285716
2 0.4427083333333333 0.591827876984127 0.12318121693121693 0.021701388888888888
10 0.4712301587301587 0.6355406746031746 0.18683862433862433 0.027281746031746032
14 0.22528108465608465 0.6355406746031746 0.2339616402116402 0.1922123015873016
7 0.46842261904761906 0.9044022817460318 0.8552744708994708 0.07930803571428571
15 0.5439814814814815 0.7294766865079365 0.3439153439153439 0.025421626984126984
20 0.41795304232804237 0.5601810515873016 0.040052910052910055 0.020823412698412695
4 0.6044146825396826 0.5689806547619047 0.05583002645502646 0.02850198412698413
11 0.4717096560846561 0.6841269841269841 0.20047619047619047 0.033931051587301586
17 0.6535978835978836 0.6800248015873016 0.03294973544973545 0.02241815476190476
0 0.8260019841269841 0.6832068452380953 0.14627314814814815 0.025476190476190475
16 0.523068783068783 0.7735342261904762 0.08493716931216932 0.025905257936507938
6 0.5609623015873015 0.8167584325396826 0.17174603174603176 0.024719742063492065
5 0.8280291005291005 0.8101116071428571 0.14150793650793653 0.019694940476190477
18 0.2517824074074074 0.7946329365079365 0.23239748677248676 0.0681001984126984