10 0.4489087301587302 0.35962301587301587 0.17609126984126985 0.03802910052910053
2 0.40736607142857145 0.28852513227513227 0.0954861111111111 0.03802910052910053
15 0.48115079365079366 0.500165343915344 0.24553571428571427 0.044642857142857144
7 0.48650545634920633 0.7717294973544974 0.7564087301587302 0.12811507936507938
13 0.7775297619047619 0.23230820105820105 0.18353174603174602 0.05125661375661376
14 0.23561507936507936 0.38525132275132273 0.20337301587301587 0.30092592592592593
20 0.36803323412698413 0.22993055555555553 0.030047123015873017 0.036583994708994705
4 0.4711954365079365 0.2268121693121693 0.04622519841269841 0.030343915343915347
11 0.606860119047619 0.23145502645502644 0.14229166666666668 0.03742724867724868
0 0.4283854166666667 0.4297123015873016 0.15405753968253968 0.04152116402116402
17 0.5840922619047619 0.43200066137566134 0.04053819444444444 0.04389880952380952
16 0.39153273809523814 0.5688988095238094 0.05720486111111111 0.03770502645502646
18 0.21716765873015872 0.5986044973544974 0.1499454365079365 0.08389550264550265
6 0.42875992063492063 0.6404728835978836 0.14157986111111112 0.05299272486772487
5 0.7536904761904762 0.6419742063492063 0.15652033730158732 0.05158399470899471