2 0.3323412698412698 0.2339616402116402 0.07936507936507936 0.044642857142857144
11 0.3991369047619047 0.3906547619047619 0.21295386904761904 0.0537962962962963
10 0.39372519841269843 0.3149801587301587 0.1996527777777778 0.04133597883597884
15 0.4011656746031746 0.4885912698412698 0.21949404761904762 0.044642857142857144
14 0.14508928571428573 0.3232473544973545 0.25297619047619047 0.3687169312169312
13 0.8079117063492064 0.14963624338624337 0.22197420634920634 0.05787037037037037
7 0.45696180555555554 0.7775363756613757 0.9089632936507936 0.13311507936507938
20 0.34174603174603174 0.15425595238095238 0.043611111111111114 0.047271825396825395
4 0.5581026785714286 0.15519179894179894 0.062140376984126985 0.04583002645502646
17 0.6179365079365079 0.4051818783068783 0.052839781746031746 0.06301256613756614
0 0.8059995039682539 0.39895502645502645 0.18343005952380953 0.05055224867724868
16 0.4671106150793651 0.5694775132275132 0.16537202380952382 0.0542989417989418
6 0.4740897817460317 0.6577910052910053 0.17437251984126986 0.05896825396825397
5 0.8013839285714285 0.6581283068783069 0.18163690476190478 0.05302579365079365
18 0.20161210317460318 0.6167857142857143 0.2271329365079365 0.12907076719576718