14 0.261875 0.3075 0.20625 0.27166666666666667
7 0.4972725 0.7097933333333334 0.8420449999999999 0.14958333333333335
13 0.826875 0.2025 0.18125 0.07166666666666667
11 0.4734175 0.35681 0.186835 0.04695333333333334
10 0.428125 0.2825 0.08625 0.03833333333333333
2 0.425 0.225 0.07 0.03
15 0.496875 0.42333333333333334 0.22875 0.04666666666666667
6 0.5388875000000001 0.5783266666666667 0.1752725 0.04998666666666667
5 0.8036175 0.58445 0.1572375 0.05556666666666666
4 0.6056 0.17716333333333334 0.0687 0.04099666666666667
17 0.6628474999999999 0.35666333333333333 0.0331925 0.05332666666666666
16 0.5259275 0.49711999999999995 0.134355 0.04423666666666667
0 0.8031975 0.36169666666666667 0.1638975 0.05672666666666667
18 0.27076999999999996 0.5184333333333333 0.2165375 0.09020333333333334
20 0.42902999999999997 0.18096333333333334 0.0455625 0.028593333333333335