14 0.3663194444444444 0.6084656084656085 0.1056547619047619 0.13756613756613756
7 0.4802108134920635 0.787688492063492 0.3701413690476191 0.060062830687830686
13 0.6138392857142857 0.5486111111111112 0.07589285714285714 0.0205026455026455
2 0.4558531746031746 0.5724206349206349 0.06547619047619048 0.01521164021164021
11 0.4545436507936508 0.6347420634920635 0.04351438492063492 0.02113756613756614
10 0.45287698412698413 0.6028439153439153 0.060515873015873016 0.01521164021164021
15 0.4781746031746032 0.6656746031746031 0.10317460317460317 0.013888888888888888
20 0.4400694444444444 0.5490443121693122 0.01580109126984127 0.020049603174603175
4 0.5158705357142856 0.5457671957671958 0.024796626984126983 0.01679563492063492
17 0.545513392857143 0.6306712962962964 0.019595734126984128 0.016306216931216932
0 0.6176785714285714 0.6287665343915344 0.07340525793650794 0.022410714285714284
6 0.492547123015873 0.7327314814814816 0.08355406746031746 0.02531746031746032
16 0.480188492063492 0.6988458994708995 0.036520337301587304 0.018720238095238095
18 0.38356150793650795 0.726630291005291 0.08755952380952381 0.044533730158730155
5 0.6252951388888889 0.7244874338624339 0.07251240079365079 0.022060185185185183