14 0.65104248046875 0.7394759114583334 0.17740966796875 0.233291015625
2 0.599365234375 0.584853515625 0.02197265625 0.06293294270833334
10 0.6396484375 0.5045572916666666 0.02766845703125 0.22786458333333334
15 0.72346923828125 0.49913085937499996 0.02115966796875 0.23871419270833336
7 0.8789697265625 0.4925748697916667 0.07988037109375 0.7985188802083334
13 0.560302734375 0.19314127604166667 0.02848388671875 0.18229166666666666
20 0.5530712890625 0.6109537760416667 0.017275390625 0.030501302083333334
11 0.55611083984375 0.3680859375 0.0233544921875 0.130703125
4 0.55413330078125 0.5078385416666666 0.01777099609375 0.04562825520833333
0 0.68219482421875 0.5448502604166666 0.024873046875 0.150029296875
16 0.7652685546875 0.5528678385416667 0.0233740234375 0.13568359375
6 0.806044921875 0.5447428385416667 0.0235498046875 0.16500651041666667
5 0.80594970703125 0.21272786458333334 0.0233544921875 0.158525390625
18 0.78230712890625 0.7700227864583334 0.0558251953125 0.14899088541666666
17 0.68214111328125 0.38703125 0.0215087890625 0.031875