13 0.6357214765100672 0.25569604612850083 0.11931208053691277 0.021280889621087314
10 0.41247203579418346 0.29654036243822074 0.12210850111856823 0.016474464579901153
14 0.27171700223713646 0.2931095551894563 0.14261744966442952 0.1070840197693575
15 0.4320469798657718 0.3463056013179572 0.15380313199105144 0.014415156507413509
7 0.4278970917225951 0.43974876441515653 0.50584451901566 0.04518945634266886
11 0.3991387024608501 0.318999176276771 0.06002237136465324 0.016676276771004944
20 0.38096196868008947 0.24967462932454695 0.02686241610738255 0.01570840197693575
4 0.49657158836689036 0.24953047775947282 0.035973154362416104 0.015415980230642504
0 0.6328859060402684 0.3223805601317957 0.1008668903803132 0.015197693574958813
17 0.5293680089485459 0.3224052718286656 0.028053691275167783 0.01760708401976936
6 0.45422259507829976 0.3990856672158155 0.0966834451901566 0.02151565074135091
16 0.4552069351230425 0.3734019769357496 0.09865771812080537 0.017215815485996704
18 0.2872595078299776 0.3900700164744646 0.12389821029082775 0.0364332784184514
5 0.6312248322147651 0.39950988467874793 0.09914429530201344 0.01883855024711697