14 0.3045825 0.30333333333333334 0.19083250000000002 0.22222333333333333
10 0.5383325 0.3016666666666667 0.2533325 0.027776666666666665
13 0.7408325 0.22166666666666668 0.135 0.02555666666666667
15 0.51 0.4066666666666667 0.2033325 0.03111
20 0.4463825 0.21792333333333333 0.0252625 0.035846666666666666
18 0.32416 0.4983066666666667 0.25082 0.10661333333333332
6 0.5565875 0.5211733333333334 0.13567500000000002 0.045676666666666664
16 0.5506224999999999 0.46069 0.136245 0.03471333333333333
17 0.627205 0.34907333333333335 0.034409999999999996 0.04147666666666667
11 0.4879875 0.35308 0.1409775 0.03282666666666667
7 0.51902 0.64886 0.70712 0.11899000000000001
5 0.7709600000000001 0.5146133333333333 0.12941999999999998 0.04922666666666667
0 0.7496174999999999 0.34659666666666666 0.1292325 0.039856666666666665
4 0.5871875 0.21712333333333333 0.041875 0.034243333333333334