7 0.0856045751633987 0.4883547794117647 0.16303921568627452 0.970579044117647
13 0.6689133986928104 0.821078431372549 0.05923202614379085 0.2113970588235294
15 0.403390522875817 0.4963235294117647 0.046977124183006536 0.30330882352941174
11 0.4734599673202614 0.4479779411764706 0.052316176470588234 0.21262254901960784
10 0.5545343137254902 0.47870710784313725 0.046977124183006536 0.26807598039215685
2 0.6290849673202614 0.42432598039215685 0.04493464052287582 0.15318627450980393
14 0.5463643790849673 0.18841911764705882 0.3451797385620915 0.2818627450980392
6 0.22503676470588235 0.5223560049019608 0.0620016339869281 0.19912377450980392
5 0.22411764705882353 0.8505055147058824 0.060167483660130715 0.19978860294117648
0 0.4781740196078431 0.8313939950980392 0.05765114379084967 0.1828829656862745
4 0.6792892156862745 0.5866299019607844 0.04321895424836601 0.0640686274509804
20 0.6776143790849674 0.3930575980392157 0.04395424836601307 0.04457414215686275
18 0.259922385620915 0.23098651960784317 0.12768790849673203 0.17704350490196077
17 0.475093954248366 0.6477971813725489 0.047406045751633985 0.04559742647058824
16 0.3179575163398693 0.4899050245098039 0.05584967320261438 0.11890625