13 0.8056923918992884 0.5932469572045543 0.19704433497536947 0.029053788771103258
15 0.5807334428024084 0.729485669414998 0.35577449370552816 0.020416175893207697
11 0.46917898193760266 0.6926501766784453 0.08997263273125342 0.024876325088339223
10 0.4526546250684182 0.6580290537887711 0.10618500273672687 0.02198665096191598
2 0.5221674876847291 0.6215155084413035 0.24740010946907498 0.018060463290145268
14 0.27367268746579093 0.6635257165292501 0.23426382047071703 0.15547703180212014
20 0.43773946360153254 0.5937455830388693 0.032567049808429116 0.0194503337259521
4 0.612304324028462 0.591747153513938 0.058762999452654625 0.021342756183745582
18 0.3037110016420361 0.7843698468786808 0.21607553366174054 0.0689399293286219
17 0.645424192665572 0.6883078131134668 0.03469622331691297 0.020117785630153123
6 0.5603831417624522 0.805359246171967 0.14101806239737275 0.026497840596780523
16 0.5551888341543514 0.768303886925795 0.1497865353037767 0.025021594032194738
0 0.7983689107827038 0.6890263054574008 0.14080459770114942 0.023517864153906557
5 0.7912862616310893 0.8002473498233216 0.14852764094143406 0.02609344326658814
7 0.52024083196497 0.8733019238319593 0.7503886152162015 0.06423243031016883