2 0.59325 0.5426597222222221 0.42725 0.025791666666666668
10 0.4623055555555556 0.5877986111111111 0.17857407407407408 0.030756944444444444
14 0.20899074074074075 0.5987083333333333 0.2566111111111111 0.1875
15 0.5747314814814816 0.6780763888888889 0.4007962962962963 0.02479861111111111
13 0.8578055555555555 0.5119027777777778 0.20237962962962963 0.035715277777777776
7 0.5046388888888889 0.8755763888888889 0.9643148148148148 0.0884513888888889
18 0.25337037037037036 0.7639930555555556 0.26599999999999996 0.073625
16 0.5517592592592593 0.730625 0.15643518518518518 0.03665277777777778
20 0.41800925925925925 0.5080833333333333 0.04237037037037037 0.024104166666666666
4 0.6240370370370371 0.5089652777777778 0.07081481481481482 0.033805555555555554
6 0.5589537037037037 0.7836944444444445 0.1946388888888889 0.03961111111111111
5 0.8594259259259259 0.7780138888888888 0.17652777777777778 0.03221527777777778
11 0.4554166666666667 0.6337986111111111 0.14362962962962963 0.03148611111111111
17 0.6838425925925925 0.6331180555555556 0.04758333333333333 0.02417361111111111
0 0.8570740740740741 0.6314930555555556 0.1850462962962963 0.030840277777777775