13 0.8058333333333333 0.415 0.21166666666666667 0.0325
7 0.4752633333333333 0.74976 0.8905266666666667 0.0820225
10 0.5158333333333334 0.49125 0.375 0.025
2 0.37833333333333335 0.45 0.08 0.0225
14 0.18583333333333332 0.498125 0.2683333333333333 0.19875
15 0.43416666666666665 0.585625 0.185 0.03375
20 0.37942666666666663 0.4145325 0.042186666666666664 0.026567499999999997
6 0.5122033333333333 0.6755774999999999 0.18107333333333334 0.0286575
16 0.4937833333333333 0.6294225 0.1509 0.0313425
18 0.24114666666666668 0.665265 0.33229333333333333 0.053032499999999996
17 0.6441866666666667 0.54092 0.045040000000000004 0.03434
11 0.4370266666666666 0.53747 0.22072333333333333 0.0299425
4 0.5876066666666666 0.4130275 0.06854666666666666 0.023555
0 0.80962 0.5370025 0.16257 0.039005000000000005
5 0.8205 0.6767475 0.18100333333333332 0.033495