7 0.10809461805555551 0.82962890625 0.898532986111111 0.888017578125 0.9052907986111111 0.9668098958333332 0.12760416666666666 0.8982194010416665
10 0.4633333333333333 0.6479175 0.20666666666666667 0.0191675
2 0.4077766666666666 0.6075 0.09333333333333334 0.018332499999999998
14 0.22666666666666666 0.6470825 0.21333333333333335 0.1825
13 0.7966666666666666 0.5858325 0.18444333333333335 0.03
15 0.45777666666666667 0.7366675 0.18444333333333335 0.0283325
20 0.3986033333333333 0.5717175 0.04165 0.0217675
4 0.5850266666666667 0.5711775 0.05449666666666667 0.02402
11 0.44128666666666666 0.6872375 0.18701666666666666 0.02614
17 0.6479433333333333 0.69492 0.04033333333333333 0.0265075
18 0.24515 0.778175 0.1903 0.038015
16 0.4826833333333333 0.7815599999999999 0.08314666666666666 0.028122499999999998
6 0.51239 0.826995 0.15366666666666667 0.03399
5 0.8171066666666668 0.8370449999999999 0.17421333333333333 0.032424999999999995
0 0.8121499999999999 0.69762 0.16652333333333333 0.02857