14 0.17891921397379912 0.7013906249999999 0.28991266375545854 0.2100703125
2 0.46155021834061133 0.6536484375 0.2292576419213974 0.02778125
11 0.44497816593886463 0.7434375 0.2131004366812227 0.0337421875
10 0.4354694323144105 0.69965625 0.17709606986899562 0.026039062499999998
15 0.5731441048034934 0.79296875 0.44759825327510916 0.02690625
13 0.8545633187772925 0.6232656249999999 0.23168122270742358 0.026039062499999998
7 0.5067139737991266 0.9507031250000001 0.947914847161572 0.0928203125
18 0.23927947598253277 0.8679609375 0.35847161572052405 0.0640390625
6 0.5401528384279476 0.8779140625 0.19601528384279476 0.0370703125
5 0.8578165938864629 0.881828125 0.19816593886462883 0.0370859375
0 0.864268558951965 0.74525 0.20560043668122271 0.033468750000000005
20 0.38549126637554587 0.6161875 0.07774017467248907 0.0292421875
4 0.6024235807860262 0.6136796875 0.09131004366812227 0.0320546875
17 0.677085152838428 0.7412578125 0.05503275109170305 0.029390624999999997