13 0.88875 0.23666666666666666 0.2225 0.06
10 0.4325 0.4216666666666667 0.175 0.05
15 0.4975 0.6066666666666667 0.305 0.05333333333333334
14 0.17375 0.455 0.2875 0.38333333333333336
20 0.36316750000000003 0.23600666666666667 0.0288325 0.03868
4 0.50345 0.23084333333333332 0.0569 0.038353333333333336
11 0.6795800000000001 0.22538 0.18166 0.037430000000000005
0 0.44508749999999997 0.5120933333333333 0.190175 0.050853333333333334
17 0.6671975 0.5036999999999999 0.054395000000000006 0.04740333333333334
18 0.1529 0.7485566666666666 0.18580000000000002 0.08045
16 0.4099675 0.7065266666666666 0.1224375 0.05972
6 0.4508375 0.78899 0.19667500000000002 0.061316666666666665
5 0.87502 0.7673066666666667 0.19004 0.04839333333333334
7 0.499625 0.91534 0.9567475 0.12067666666666665