13 0.765625 0.37 0.13625 0.04
7 0.54835 0.7721433333333333 0.7092 0.10428333333333334
11 0.5053575 0.48108 0.1532125 0.04216
10 0.5125 0.4325 0.1575 0.03833333333333333
2 0.4575 0.37916666666666665 0.055 0.028333333333333332
15 0.543125 0.5391666666666667 0.22125 0.035
14 0.328125 0.44333333333333336 0.17875 0.23333333333333334
18 0.35677499999999995 0.6313733333333333 0.21105000000000002 0.10941333333333333
20 0.465155 0.34724333333333335 0.0303075 0.034486666666666665
6 0.5610525 0.66272 0.13710499999999998 0.04211
16 0.5499974999999999 0.5974266666666667 0.119995 0.04151666666666667
17 0.6482925 0.4864866666666667 0.0290875 0.03631
4 0.6001925 0.35452999999999996 0.057885 0.032396666666666664
5 0.8003875 0.6552133333333333 0.1507775 0.04043
0 0.772605 0.47974333333333335 0.13271 0.03948666666666666