14 0.1962070105820106 0.4104662698412698 0.2491170634920635 0.16451636904761907
11 0.4109027777777778 0.42166914682539686 0.1736574074074074 0.01992559523809524
10 0.37367724867724866 0.38607886904761907 0.09259259259259259 0.01984126984126984
2 0.36100198412698414 0.35342261904761907 0.060625000000000005 0.01570684523809524
13 0.7247585978835979 0.31539434523809523 0.17747023809523807 0.023975694444444445
7 0.08954836998456787 0.595812923693783 0.840201133983686 0.5595761253720238 0.8524899760251323 0.6260624638310186 0.09445701747134036 0.662841796875
15 0.33399470899470896 0.4596560846560846 0.6481481481481483 0.44064153439153436 0.6459435626102293 0.4604828042328042 0.33509700176366847 0.47867063492063494
20 0.355218253968254 0.32095734126984127 0.0336276455026455 0.018566468253968255
4 0.5296527777777778 0.3156225198412698 0.04739748677248678 0.017819940476190475
17 0.5995800264550265 0.4180332341269841 0.03954365079365079 0.02753720238095238
18 0.2619543650793651 0.5335119047619047 0.1667691798941799 0.04850446428571428
6 0.4947850529100529 0.5412078373015873 0.13860119047619046 0.030830853174603174
5 0.7690575396825398 0.5261507936507936 0.15143187830687832 0.025515873015873016
16 0.4659953703703704 0.5029513888888889 0.09204695767195768 0.023757440476190477