10 0.47641509433962265 0.34794520547945207 0.2509433962264151 0.0547945205479452
2 0.4160377358490566 0.24794520547945206 0.12264150943396226 0.057534246575342465
14 0.19905660377358492 0.38082191780821917 0.28867924528301886 0.4273972602739726
15 0.5 0.541095890410959 0.30566037735849055 0.0684931506849315
13 0.8773584905660378 0.16575342465753426 0.22264150943396227 0.10136986301369863
20 0.36975471698113205 0.13521917808219178 0.03600943396226415 0.04735616438356165
16 0.40940566037735854 0.6414520547945205 0.11800943396226415 0.05395890410958904
17 0.6479245283018867 0.44752054794520546 0.055962264150943394 0.05354794520547946
18 0.18259433962264152 0.6913013698630137 0.28432075471698115 0.16146575342465755
7 0.4962735849056603 0.8877397260273971 0.9601981132075471 0.16686301369863013
0 0.44037735849056603 0.44375342465753426 0.1745566037735849 0.07341095890410959
4 0.5148207547169812 0.1369041095890411 0.07277358490566038 0.04680821917808219
11 0.6761698113207547 0.14105479452054795 0.16904716981132076 0.07076712328767122
6 0.4431509433962264 0.7421095890410959 0.18280188679245285 0.06739726027397261
5 0.8476037735849057 0.7463835616438357 0.18847169811320755 0.0641917808219178