14 0.16846836419753086 0.4528363715277778 0.2700617283950617 0.1548025173611111
2 0.38387345679012347 0.40509331597222226 0.07330246913580248 0.02025390625
10 0.4005902777777777 0.44126085069444443 0.12474151234567901 0.015913628472222222
15 0.4970408950617284 0.5172157118055556 0.2996412037037037 0.017361111111111112
13 0.8339776234567902 0.38809244791666664 0.21476466049382714 0.02242404513888889
7 0.4898726851851852 0.6574240451388889 0.9565933641975308 0.061953125000000005
20 0.37798225308641975 0.3777083333333333 0.056373456790123455 0.019014756944444447
4 0.6002700617283951 0.3769379340277778 0.08429012345679011 0.01892144097222222
11 0.4391319444444445 0.47733072916666663 0.21468364197530865 0.02005425347222222
17 0.6684490740740741 0.48150173611111113 0.061176697530864195 0.026950954861111112
18 0.21672067901234568 0.5788411458333333 0.21996913580246913 0.062486979166666665
0 0.8669560185185186 0.4761458333333333 0.19327932098765432 0.02636284722222222
6 0.5287538580246913 0.5920377604166667 0.1881635802469136 0.031006944444444445
16 0.4901658950617284 0.5549869791666667 0.11099537037037037 0.020562065972222224
5 0.8751350308641975 0.5915885416666666 0.18648533950617285 0.025768229166666667