13 0.7955882352941176 0.614128885086969 0.17941176470588235 0.026375819788993442
7 0.4899117647058824 0.8843769603649844 0.777864705882353 0.06216709438266325
14 0.24803921568627452 0.6729398346164813 0.21764705882352942 0.16823495865412033
2 0.42205882352941176 0.6333761049329911 0.10294117647058823 0.01924721984602224
10 0.4181372549019608 0.66830624465355 0.08725490196078431 0.02209865982321072
15 0.4573529411764706 0.7463644140290847 0.1696078431372549 0.0213857998289136
20 0.41169607843137257 0.6057513544339891 0.03515686274509804 0.01960079840319361
4 0.5860117647058823 0.6064014827487881 0.0524156862745098 0.01947533504419732
11 0.4446098039215687 0.707656116338751 0.10882745098039215 0.020956658112346736
0 0.7887352941176471 0.7089806102081551 0.1421764705882353 0.023608497291132024
6 0.5169392156862744 0.8240575990875392 0.15740588235294117 0.02707157114342743
5 0.7925196078431372 0.823510122611919 0.15562549019607844 0.02312660393498717
17 0.6287235294117647 0.7086583974907328 0.026076470588235295 0.021508411747932707
18 0.25378235294117646 0.8052609067579128 0.20168039215686273 0.04790419161676647
16 0.4766352941176471 0.7824935842600513 0.06895686274509805 0.020903906472768748