13 0.5132211538461539 0.8683401639344263 0.026442307692307692 0.2305327868852459
7 0.2739735576923077 0.4864446721311475 0.0697548076923077 0.9592264344262296
15 0.3984375 0.5263831967213115 0.02283653846153846 0.3406762295081967
11 0.43247355769230766 0.4654252049180328 0.02360096153846154 0.23071209016393443
10 0.4597355769230769 0.4649077868852459 0.020432692307692308 0.2382172131147541
2 0.4891826923076923 0.43417008196721313 0.016826923076923076 0.16137295081967212
14 0.4441105769230769 0.17418032786885246 0.13581730769230768 0.29713114754098363
18 0.34160817307692304 0.2329764344262295 0.032574519230769226 0.35324282786885247
17 0.42773317307692305 0.6929969262295083 0.01572596153846154 0.0711014344262295
6 0.3309254807692308 0.5550563524590164 0.02723317307692308 0.20164446721311477
16 0.36327884615384615 0.5113319672131148 0.021427884615384616 0.12785860655737705
5 0.3386033653846154 0.8647848360655738 0.02175721153846154 0.1926844262295082
20 0.5190841346153846 0.400327868852459 0.0189375 0.06295081967213115
4 0.5189350961538461 0.6186372950819672 0.02024278846153846 0.09656250000000001
0 0.43214423076923075 0.8604815573770492 0.022942307692307692 0.18749487704918033