14 0.18828451882845187 0.3594796380090498 0.28939853556485357 0.42735294117647055
10 0.40882322175732216 0.3305656108597285 0.1307531380753138 0.05782051282051282
2 0.4035930962343096 0.238815987933635 0.1098326359832636 0.06536199095022624
15 0.5465481171548117 0.5153318250377075 0.40620815899581586 0.055301659125188536
7 0.4997960251046025 0.8542835595776772 0.9237500000000001 0.15503016591251884
13 0.8490219665271966 0.186025641025641 0.21269351464435146 0.07038461538461538
0 0.4357112970711297 0.41916289592760175 0.17058577405857742 0.05777526395173454
16 0.42066422594142255 0.6082805429864254 0.14310669456066946 0.0514027149321267
6 0.43606171548117156 0.7020814479638009 0.17651150627615064 0.06177978883861237
5 0.8333054393305439 0.6961764705882353 0.17602510460251047 0.05373303167420815
18 0.18893305439330543 0.6650678733031674 0.24449790794979082 0.11596530920060333
4 0.5037029288702929 0.1643363499245852 0.05290271966527197 0.04585972850678733
20 0.37449790794979076 0.16186274509803922 0.0350836820083682 0.03337858220211161
11 0.6601307531380753 0.16667420814479636 0.15917364016736402 0.05807692307692308
17 0.62706589958159 0.4181297134238311 0.03289225941422594 0.05195324283559578