14 0.6790092592592593 0.29097083333333335 0.41975 0.20416666666666666
10 0.6898148148148148 0.49166666666666664 0.058638888888888886 0.17222083333333332
15 0.4861111111111111 0.5465291666666667 0.046296296296296294 0.2736125
13 0.8379629629629629 0.7888875 0.08333333333333333 0.16111250000000002
20 0.8598611111111111 0.43338750000000004 0.045648148148148146 0.030112499999999997
4 0.8511944444444444 0.5922625 0.0505462962962963 0.057862500000000004
11 0.5792685185185186 0.4648583333333334 0.06593518518518518 0.0847125
17 0.5848796296296296 0.640975 0.043833333333333335 0.02695
18 0.3452222222222222 0.3247375 0.12007407407407408 0.18114166666666667
16 0.37960185185185186 0.5372833333333333 0.05921296296296297 0.11789999999999999
6 0.2739074074074074 0.5430125 0.05523148148148148 0.13269583333333335
5 0.26896296296296296 0.7707125 0.05274074074074074 0.121425
0 0.5735185185185185 0.7738458333333333 0.05444444444444444 0.13269166666666665
7 0.11801851851851851 0.5074124999999999 0.15085185185185185 0.6681541666666666