13 0.8101166666666667 0.5767875 0.19166666666666668 0.0267875
7 0.490275 0.9184625 0.8638916666666667 0.08067500000000001
2 0.4494083333333333 0.6241062500000001 0.125 0.0232125
10 0.4321416666666667 0.66919375 0.09761666666666667 0.02410625
15 0.521425 0.7580374999999999 0.2857166666666667 0.033931249999999996
14 0.24940833333333334 0.6834812499999999 0.234525 0.18660625
0 0.4606583333333333 0.7110625 0.15673333333333334 0.028381249999999997
17 0.6343166666666666 0.7119875 0.04155833333333333 0.02709375
11 0.6275333333333333 0.57123125 0.14048333333333335 0.023712499999999997
4 0.48330833333333334 0.56848125 0.045775 0.0182125
20 0.3723083333333333 0.56720625 0.030033333333333332 0.01879375
16 0.4550333333333333 0.80169375 0.15590833333333334 0.025393750000000003
6 0.466775 0.8475499999999999 0.17520833333333333 0.0311625
5 0.8148416666666666 0.8457875 0.16926666666666668 0.0276375
18 0.236625 0.8201437500000001 0.14885833333333334 0.06953125