14 0.17704517704517705 0.34375 0.27472527472527475 0.42788461538461536
10 0.4265934065934066 0.3076923076923077 0.19383394383394384 0.0625
2 0.40675213675213673 0.21875 0.14804639804639805 0.052884615384615384
15 0.5280830280830281 0.5096153846153846 0.3968253968253968 0.0673076923076923
7 0.5097435897435898 0.895673076923077 0.9730891330891331 0.18363461538461537
13 0.8341025641025641 0.16226923076923075 0.21825396825396826 0.06971153846153846
20 0.336971916971917 0.1374230769230769 0.026813186813186816 0.051769230769230776
4 0.4661050061050061 0.13973076923076921 0.05307692307692308 0.041
11 0.6211599511599512 0.14792307692307693 0.16294261294261292 0.053538461538461535
0 0.41840048840048844 0.4055769230769231 0.18234432234432235 0.061153846153846156
17 0.615018315018315 0.40453846153846157 0.038339438339438335 0.051403846153846154
16 0.36837606837606834 0.60925 0.09205128205128205 0.05311538461538462
6 0.41888888888888887 0.7197115384615385 0.19553113553113552 0.07788461538461539
5 0.843162393162393 0.7196153846153845 0.18205128205128204 0.07001923076923076
18 0.1508913308913309 0.6606923076923077 0.19921855921855922 0.12136538461538461