13 0.4672350427350427 0.5678174123337364 0.09401709401709402 0.025193470374848852
7 0.3176623931623932 0.8600906892382103 0.40211538461538465 0.07050785973397823
10 0.2702991452991453 0.6328113663845224 0.034901709401709405 0.02418379685610641
2 0.27849145299145295 0.6005622732769045 0.04843162393162393 0.020151148730350663
14 0.19159401709401708 0.6479262394195889 0.11823504273504275 0.1712998790810157
15 0.37037179487179483 0.7098972188633615 0.2321923076923077 0.023174123337363964
20 0.2710213675213675 0.5654897218863362 0.01823076923076923 0.020247883917775093
4 0.3611623931623932 0.5652418379685611 0.030017094017094015 0.021475211608222494
11 0.2883846153846154 0.6668802902055623 0.04929487179487179 0.022654171704957676
0 0.4622393162393163 0.6711970979443773 0.07588461538461538 0.022648125755743653
6 0.32965811965811964 0.7879987908101571 0.07445726495726496 0.024782345828295044
5 0.4629957264957265 0.7907799274486095 0.07617094017094017 0.03552599758162031
18 0.20214529914529913 0.775441354292624 0.12346153846153846 0.056668681983071345
17 0.38711111111111113 0.6743591293833132 0.019645299145299146 0.02896614268440145
16 0.3257991452991453 0.7490084643288996 0.06673504273504273 0.022805320435308342