13 0.863233024691358 0.2977109053497942 0.17554012345679013 0.03729423868312757
7 0.5568016975308642 0.7891512345679011 0.7252276234567901 0.09682613168724279
14 0.3211805555555556 0.42824074074074076 0.2199074074074074 0.2932098765432099
2 0.4972029320987654 0.3446502057613169 0.11863425925925926 0.038580246913580245
11 0.5131944444444445 0.47502057613168724 0.09531635802469136 0.04126028806584362
10 0.5005787037037037 0.4121656378600823 0.12924382716049382 0.03729423868312757
15 0.5946180555555556 0.5465534979423868 0.3018904320987654 0.0360082304526749
18 0.340570987654321 0.6626286008230453 0.22332175925925926 0.0872633744855967
17 0.684170524691358 0.4786111111111111 0.03603780864197531 0.03815843621399177
0 0.847349537037037 0.474048353909465 0.16435185185185186 0.04274691358024691
6 0.5808834876543211 0.6874176954732509 0.14324845679012346 0.0511059670781893
16 0.5642476851851852 0.6170576131687242 0.10740354938271604 0.04413065843621399
5 0.8378780864197531 0.677474279835391 0.14540895061728396 0.03807098765432099
4 0.6494637345679013 0.294593621399177 0.05201388888888889 0.031574074074074074
20 0.47846450617283953 0.29430555555555554 0.030999228395061727 0.03305555555555556