14 0.11067708333333333 0.6043836805555556 0.22135416666666666 0.1953125
10 0.3450520833333333 0.5929904513888888 0.2126736111111111 0.027126736111111112
2 0.2907986111111111 0.5441623263888888 0.0954861111111111 0.022786458333333332
15 0.49189814814814814 0.7036675347222222 0.48032407407407407 0.029296875
13 0.8029513888888888 0.5056423611111112 0.2517361111111111 0.032552083333333336
20 0.28728298611111114 0.5061848958333334 0.032511574074074075 0.022786458333333332
4 0.5157986111111111 0.5016449652777778 0.059375 0.023834635416666666
11 0.34555844907407407 0.6477690972222222 0.21465277777777778 0.028174913194444446
17 0.5757146990740741 0.6471940104166667 0.05381944444444445 0.028472222222222218
18 0.12769097222222223 0.7500368923611112 0.13385127314814815 0.05331597222222222
16 0.4319733796296297 0.7499609375 0.18493344907407408 0.03290798611111111
7 0.07106828100887348 0.8079189724392362 0.9584210431117013 0.8804236518012154 0.9623355818366242 0.9649262604890048 0.06837067780455712 0.8742975305627894
6 0.44221354166666665 0.8032508680555556 0.1841984953703704 0.035321180555555554
5 0.8074710648148148 0.8187434895833333 0.21640625 0.03592664930555556
0 0.8097135416666666 0.6426649305555556 0.2343142361111111 0.029542100694444445