10 0.3950811093668236 0.6390449438202247 0.6057038199895343 0.629681647940075 0.6057038199895343 0.6589419475655431 0.3924646781789639 0.6659644194756555
2 0.43563579277864994 0.6074438202247191 0.07849293563579278 0.02574438202247191
15 0.40031397174254313 0.718632958801498 0.6174777603349031 0.7057584269662921 0.6017791732077445 0.7420411985018726 0.4029304029304029 0.7443820224719101
13 0.6907378335949764 0.5547752808988764 0.86603872318158 0.5512640449438202 0.8621140763997907 0.586376404494382 0.6881214024071169 0.5910580524344569
14 0.17660910518053374 0.5641385767790261 0.391156462585034 0.5559456928838952 0.3963893249607535 0.7385299625468166 0.18969126111983256 0.7514044943820225
20 0.4317739403453689 0.5782443820224719 0.03378335949764521 0.020842696629213484
0 0.7723390894819466 0.6777949438202246 0.13646781789638934 0.027064606741573034
11 0.4643956043956044 0.6891994382022472 0.09058084772370487 0.02247191011235955
17 0.6291522762951334 0.683623595505618 0.02708006279434851 0.024957865168539324
7 0.16929857451222244 0.8565534711075442 0.8584464005382376 0.8321590025581863 0.8621213767100248 0.9059733334169341 0.1714054440457501 0.9312495297451848
6 0.5502040816326531 0.8178230337078651 0.15177394034536892 0.025955056179775282
16 0.5221507064364207 0.776193820224719 0.0754945054945055 0.023497191011235957
5 0.7801726844583988 0.8078089887640449 0.14073783359497646 0.02696629213483146
4 0.5910989010989011 0.5689747191011236 0.054128728414442696 0.02439606741573034
18 0.31313971742543173 0.8050983146067416 0.1844740973312402 0.0789185393258427