10 0.3177098214285714 0.5331315104166667 0.049107142857142856 0.06076388888888889
15 0.4955357142857143 0.5027495659722222 0.04166517857142857 0.13599609375
14 0.33035714285714285 0.6553819444444444 0.37202232142857145 0.16348307291666667
7 0.8054732142857143 0.4638802083333333 0.13394196428571428 0.5877712673611111
13 0.22098214285714285 0.23328993055555555 0.049107142857142856 0.1381662326388889
20 0.17299553571428572 0.5332942708333334 0.03646875 0.02636935763888889
4 0.18326339285714285 0.3977560763888889 0.03616964285714286 0.04174913194444444
0 0.42230357142857144 0.23276475694444443 0.041040178571428575 0.11251953125
17 0.4186875 0.35944010416666666 0.05166071428571428 0.02588107638888889
11 0.39861160714285715 0.50873046875 0.05020089285714286 0.06983506944444445
16 0.5843526785714286 0.47027126736111113 0.05858035714285714 0.062356770833333325
6 0.6647142857142857 0.44894531249999997 0.04074107142857143 0.11230251736111112
5 0.6744375 0.23853515625000002 0.05423214285714286 0.11104166666666666
18 0.6435669642857142 0.6324782986111112 0.10260714285714286 0.11333550347222222