14 0.30168685121107264 0.43028846153846156 0.13624567474048443 0.28365384615384615
13 0.6168901384083045 0.2956730769230769 0.10705017301038063 0.04807692307692308
10 0.4968641868512111 0.42788461538461536 0.247621107266436 0.04326923076923077
15 0.4406358131487889 0.5540865384615384 0.13948961937716264 0.04567307692307692
20 0.38514273356401385 0.2729375 0.020936418685121107 0.03626442307692308
4 0.4451535467128027 0.2792211538461538 0.0295826124567474 0.02959615384615385
11 0.519223615916955 0.2829951923076923 0.07607915224913495 0.04436057692307692
0 0.41368295847750863 0.49063942307692304 0.07909385813148789 0.03897115384615385
17 0.5063689446366781 0.49610576923076927 0.02333477508650519 0.04510096153846154
18 0.2993858131487889 0.6600096153846153 0.10352941176470588 0.0628076923076923
16 0.3987608131487889 0.622625 0.05682093425605537 0.040927884615384616
6 0.4149307958477509 0.6915865384615385 0.08051254325259516 0.03701923076923077
7 0.452329152249135 0.7902740384615384 0.4364467993079585 0.11900961538461538
5 0.5998269896193772 0.6974038461538461 0.08265787197231833 0.03182692307692308