2 0.6075847791798107 0.7734530938123753 0.01642941640378549 0.07556315939549473
10 0.6453726340694006 0.7696506986027944 0.01971608832807571 0.1021770744225834
15 0.7199664826498423 0.7487410892500713 0.02168769716088328 0.13449244368406046
14 0.6427444794952681 0.8863230681494154 0.14195583596214512 0.11310664385514685
7 0.8540358832807571 0.7694297120045622 0.07005717665615141 0.3868776732249786
13 0.5993690851735016 0.6042671799258625 0.027602523659305992 0.09077131451382948
20 0.5784798895899054 0.8009210151126318 0.017369873817034698 0.016439977188480184
4 0.5862223974763408 0.7120530367835757 0.021025236593059937 0.026900484744796123
17 0.6883576498422713 0.6811277445109781 0.02025039432176656 0.014476760764185914
18 0.7709128548895899 0.8590319361277445 0.05128943217665615 0.06517964071856287
11 0.6786711356466877 0.7867949814656401 0.01796332807570978 0.052821499857428005
0 0.6924566246056783 0.6092686056458512 0.020557965299684542 0.07130881094952951
6 0.7974802839116719 0.7445494724836043 0.020303627760252366 0.0766837753065298
5 0.8047279179810726 0.6118619903051041 0.020339116719242902 0.07459224408326205
16 0.7566324921135646 0.757979754776162 0.01878351735015773 0.037013116623895066