14 0.17833333333333334 0.3295825 0.26555666666666666 0.19083250000000002
7 0.49327666666666664 0.6090425 0.9487766666666666 0.07142
2 0.39889 0.2695825 0.12444333333333332 0.0225
10 0.44389 0.315 0.22777666666666668 0.0233325
15 0.6022233333333333 0.4091675 0.5155566666666667 0.0233325
13 0.8472233333333333 0.24791749999999999 0.21888999999999997 0.0358325
20 0.37686 0.23501249999999999 0.04705333333333333 0.02169
4 0.59272 0.23564500000000002 0.07211000000000001 0.024625
0 0.8549966666666666 0.36225999999999997 0.19443666666666665 0.0278525
11 0.42627333333333334 0.36401999999999995 0.14366 0.0263725
6 0.54403 0.5181950000000001 0.18139333333333332 0.034722499999999996
5 0.85126 0.5103025 0.17584999999999998 0.030605
18 0.23426999999999998 0.510585 0.33965333333333336 0.052835
16 0.5055066666666667 0.46709249999999997 0.11323666666666667 0.030852499999999998
17 0.6857233333333334 0.36544 0.033666666666666664 0.02755