11 0.4531022135416667 0.5341748046875 0.17703450520833333 0.02505615234375
10 0.46115559895833336 0.49763916015625 0.1953125 0.02197265625
2 0.4150390625 0.46793701171875 0.08355143229166667 0.01790283203125
15 0.45464518229166667 0.57210205078125 0.184462890625 0.0244140625
14 0.23980143229166664 0.51106689453125 0.234375 0.15787841796875
13 0.7698567708333334 0.450439453125 0.15950520833333334 0.02685546875
7 0.44711914062499997 0.73449951171875 0.787900390625 0.0676318359375
20 0.4116080729166667 0.44141845703125 0.022434895833333333 0.01695068359375
4 0.5773111979166666 0.44501708984375 0.04784830729166667 0.01763671875
0 0.7588346354166666 0.542451171875 0.14180013020833335 0.02532958984375
16 0.4807356770833333 0.62135009765625 0.07822265625000001 0.03013671875
18 0.267470703125 0.6456103515625 0.30490885416666663 0.05749755859375
17 0.6321907552083333 0.53857177734375 0.027402343750000002 0.02082763671875
6 0.5133658854166666 0.6636767578125 0.14782877604166667 0.028525390625
5 0.7605989583333334 0.66641845703125 0.138818359375 0.0307568359375