14 0.195 0.6733325 0.2633333333333333 0.1966675
13 0.8283333333333334 0.5879175 0.19444333333333336 0.0275
2 0.4216666666666667 0.6208325 0.14110999999999999 0.025
10 0.43277666666666664 0.6683325 0.16555666666666669 0.018332499999999998
15 0.5322233333333334 0.7658325 0.36889000000000005 0.0266675
20 0.39403999999999995 0.5833775000000001 0.03308333333333333 0.028005
4 0.5980366666666667 0.580425 0.059403333333333336 0.027100000000000003
11 0.44788333333333336 0.71072 0.20743333333333333 0.027690000000000003
17 0.6410766666666666 0.7120025000000001 0.033819999999999996 0.0277575
0 0.8159866666666666 0.7130075 0.16864 0.031015
16 0.5741533333333333 0.8140700000000001 0.25830333333333333 0.028142499999999997
6 0.5348066666666667 0.863225 0.17795 0.0351975
5 0.8241166666666666 0.8557575000000001 0.16823333333333332 0.027765
18 0.22029666666666667 0.83559 0.14726333333333333 0.062432499999999995
7 0.4839533333333333 0.9369850000000001 0.9012399999999999 0.06894