13 0.8323697916666667 0.5906401909722222 0.20061631944444447 0.029659288194444442
2 0.3954484953703704 0.6195746527777778 0.09644965277777777 0.023871527777777776
10 0.44897858796296297 0.6604448784722222 0.21122685185185186 0.02025390625
15 0.5425347222222222 0.7581011284722222 0.390625 0.027489149305555557
14 0.1957957175925926 0.6705729166666666 0.26813368055555553 0.20110026041666665
20 0.39043981481481477 0.5876671006944444 0.028564814814814814 0.0208203125
4 0.5924508101851852 0.5860611979166667 0.052569444444444446 0.024841579861111112
11 0.4441898148148148 0.7148871527777777 0.19972511574074073 0.026417100694444445
17 0.6589004629629629 0.7049262152777778 0.0330787037037037 0.025303819444444445
18 0.25071180555555556 0.8369422743055556 0.24293981481481483 0.07087673611111112
16 0.4953935185185185 0.8059201388888888 0.122734375 0.02330078125
6 0.5201186342592593 0.8544010416666666 0.17989583333333334 0.023328993055555556
5 0.8572887731481481 0.8497526041666666 0.16750868055555554 0.019819878472222222
0 0.8375318287037038 0.7016970486111112 0.1609056712962963 0.024685329861111112
7 0.5166811342592593 0.9411219618055555 0.9118344907407407 0.07958333333333334