14 0.1981588902900378 0.3746994535519126 0.2918411097099622 0.4267577413479053
13 0.8638083228247163 0.180856102003643 0.22157629255989914 0.08067395264116575
7 0.5125346784363177 0.8632786885245901 0.9115258511979824 0.17036429872495445
15 0.49991172761664565 0.5386338797814207 0.2936443883984868 0.057249544626593804
10 0.5098234552332913 0.3551912568306011 0.3242622950819672 0.05985428051001821
2 0.4224464060529634 0.261511839708561 0.14952080706179066 0.0546448087431694
18 0.15614123581336695 0.6608743169398907 0.1685245901639344 0.09406193078324226
16 0.4330643127364439 0.6309836065573771 0.18012610340479193 0.04885245901639344
20 0.36453972257250944 0.1633879781420765 0.03046658259773014 0.0389799635701275
4 0.4980453972257251 0.16994535519125684 0.05283732660781841 0.03752276867030966
11 0.6624590163934426 0.16619307832422586 0.1647793190416141 0.05916211293260473
0 0.4408701134930643 0.4438979963570127 0.17050441361916774 0.05355191256830601
6 0.43210592686002525 0.7173406193078324 0.17567465321563683 0.057632058287795995
5 0.8295586380832283 0.7221311475409836 0.18118537200504414 0.05626593806921676
17 0.6351324085750315 0.4486338797814208 0.04201765447667087 0.05575591985428051