14 0.17317708333333334 0.5615234375 0.20833333333333334 0.154296875
10 0.40625 0.556640625 0.2265625 0.0234375
2 0.3372395833333333 0.52490234375 0.08333333333333333 0.0166015625
15 0.4361979166666667 0.626953125 0.2708333333333333 0.017578125
7 0.40112630208333333 0.7564208984375 0.67205078125 0.047998046875
13 0.6647135416666666 0.50244140625 0.16796875 0.0263671875
20 0.32360677083333333 0.5011181640625 0.03263671875 0.0178662109375
4 0.48178385416666664 0.4969482421875 0.049511718749999996 0.0173291015625
11 0.357265625 0.5963134765625 0.09734375 0.0227099609375
0 0.67544921875 0.5939013671875 0.13735677083333334 0.0276513671875
17 0.5415755208333334 0.593896484375 0.049296875 0.0198193359375
18 0.2017252604166667 0.685537109375 0.20813802083333333 0.066689453125
6 0.43494140625000005 0.700029296875 0.14591796875 0.02115234375
16 0.45134114583333335 0.66283203125 0.16830729166666666 0.0190234375
5 0.6785221354166667 0.6966748046875 0.13309244791666666 0.0202978515625