10 0.3382352941176471 0.5820454545454545 0.1411764705882353 0.025
15 0.37730588235294116 0.6379181818181818 0.2016705882352941 0.01739090909090909
11 0.3235294117647059 0.6113636363636363 0.09058823529411765 0.02181818181818182
20 0.3073529411764706 0.5406818181818182 0.04411764705882353 0.015
17 0.4420588235294118 0.615 0.04058823529411765 0.016363636363636365
13 0.5561764705882353 0.555 0.1323529411764706 0.02181818181818182
0 0.5438235294117647 0.6131818181818182 0.11588235294117646 0.01818181818181818
7 0.34596470588235295 0.7323681818181819 0.5020117647058824 0.051745454545454546
5 0.5358823529411765 0.6911363636363637 0.11764705882352941 0.018636363636363635
6 0.3763235294117647 0.6904181818181818 0.11398823529411765 0.019795454545454543
16 0.3756117647058823 0.6630909090909091 0.0940764705882353 0.01579090909090909
18 0.20422352941176472 0.6795545454545454 0.13112941176470588 0.04871818181818182
4 0.41967058823529413 0.5456363636363637 0.039341176470588234 0.01984090909090909
14 0.1976058823529412 0.5889909090909091 0.13974705882352942 0.10136363636363636