15 0.48008235294117646 0.7027454545454546 0.15134705882352942 0.023677272727272727
11 0.46558823529411764 0.6745454545454546 0.14294117647058824 0.02090909090909091
0 0.71 0.678409090909091 0.11411764705882353 0.022272727272727274
13 0.7061764705882353 0.6 0.14176470588235293 0.022727272727272728
2 0.4827058823529412 0.6150727272727273 0.1516823529411765 0.02408181818181818
20 0.4308823529411765 0.5922727272727273 0.03705882352941176 0.01818181818181818
17 0.5905882352941176 0.6765909090909091 0.03882352941176471 0.023181818181818182
10 0.5123529411764706 0.6455909090909091 0.22588235294117648 0.02518181818181818
7 0.4792764705882353 0.8106636363636364 0.5761941176470589 0.059959090909090906
5 0.6982352941176471 0.7688636363636364 0.12117647058823529 0.022272727272727274
4 0.5610294117647059 0.5972136363636363 0.04264705882352941 0.021695454545454546
6 0.5199705882352942 0.7661636363636364 0.12522941176470587 0.025504545454545453
16 0.5034529411764705 0.7341500000000001 0.07455294117647059 0.025113636363636362
18 0.34188235294117647 0.7445363636363637 0.0955235294117647 0.05043636363636363
14 0.3082705882352941 0.6443954545454545 0.16654117647058825 0.13196818181818182