15 0.4293176470588235 0.7899409090909091 0.1351058823529412 0.017763636363636363
11 0.4158823529411765 0.7622727272727273 0.12470588235294118 0.02090909090909091
2 0.39338235294117646 0.7097227272727273 0.06911176470588234 0.014895454545454547
20 0.3876470588235294 0.6877272727272727 0.03764705882352941 0.016363636363636365
17 0.5323529411764706 0.7611363636363636 0.03882352941176471 0.021363636363636362
10 0.4279411764705882 0.7365681818181818 0.14058823529411765 0.01777727272727273
13 0.6320588235294118 0.6938636363636363 0.1264705882352941 0.022272727272727274
0 0.6370588235294118 0.7606818181818182 0.11176470588235295 0.018636363636363635
5 0.6358823529411765 0.8402272727272727 0.11411764705882353 0.019545454545454546
7 0.4405823529411765 0.8890636363636364 0.5086176470588235 0.04327727272727273
18 0.3012882352941177 0.8292363636363637 0.09081764705882352 0.047863636363636365
14 0.2776235294117647 0.7388772727272727 0.1199470588235294 0.10805909090909091
6 0.4566058823529412 0.8434181818181818 0.0936 0.018654545454545455
16 0.45645882352941175 0.8132318181818181 0.09330588235294118 0.0204
4 0.5038 0.6887181818181819 0.04681764705882353 0.015313636363636363