0 0.6317647058823529 0.3195454545454545 0.1188235294117647 0.02
15 0.4561705882352941 0.3965636363636364 0.1456705882352941 0.01585909090909091
11 0.45088235294117646 0.38022727272727275 0.12764705882352942 0.020454545454545454
17 0.5388235294117647 0.37363636363636366 0.03764705882352941 0.01818181818181818
2 0.41067647058823525 0.32502272727272724 0.03647647058823529 0.012381818181818181
20 0.4097058823529412 0.30977272727272726 0.031176470588235295 0.01681818181818182
0 0.6244117647058823 0.3756818181818182 0.10529411764705883 0.019545454545454546
13 0.6311764705882353 0.3190909090909091 0.11529411764705882 0.02090909090909091
10 0.4178705882352941 0.35015 0.054558823529411764 0.019700000000000002
7 0.4596294117647059 0.48569999999999997 0.44278235294117646 0.04412272727272727
5 0.6258823529411764 0.4459090909090909 0.10705882352941176 0.01818181818181818
18 0.33172941176470594 0.4292909090909091 0.07914117647058823 0.032827272727272726
6 0.4747882352941176 0.44347272727272724 0.09467058823529412 0.017245454545454543
16 0.4655235294117647 0.42159090909090907 0.0683 0.014390909090909091
4 0.5149294117647059 0.31113636363636366 0.03378235294117647 0.01620909090909091
14 0.3155 0.3526454545454546 0.12511764705882353 0.09771818181818182