3 0.20699411764705883 0.5762272727272727 0.08553529411764706 0.16090909090909092
13 0.32441176470588234 0.3718181818181818 0.039411764705882354 0.10045454545454545
7 0.0973 0.22536363636363638 0.05107058823529411 0.3634590909090909
6 0.15151176470588235 0.24568636363636362 0.018311764705882354 0.06955454545454547
16 0.17780588235294117 0.22594545454545453 0.0215 0.03552727272727273
11 0.24352941176470588 0.2125 0.015294117647058824 0.053636363636363635
10 0.27090588235294116 0.21681818181818183 0.025341176470588235 0.0809090909090909
0 0.23794117647058824 0.3690909090909091 0.03058823529411765 0.06954545454545455
5 0.15235294117647058 0.37636363636363634 0.03 0.08727272727272728
15 0.20988235294117646 0.19617272727272728 0.022123529411764705 0.0378
4 0.32578823529411766 0.27715454545454543 0.01628235294117647 0.03249090909090909
2 0.3040823529411765 0.1906409090909091 0.019929411764705883 0.03764090909090909
20 0.32621764705882356 0.19706818181818184 0.014788235294117647 0.02322727272727273
18 0.16618823529411764 0.13220909090909091 0.05002941176470588 0.10441818181818181
14 0.2660470588235294 0.12072272727272726 0.1391529411764706 0.08144545454545454
1 0.11717058823529411 0.5453954545454545 0.022576470588235295 0.08714999999999999
19 0.27189411764705884 0.5442863636363636 0.01908235294117647 0.08675
9 0.30111176470588236 0.5534272727272727 0.018694117647058823 0.10322272727272727
8 0.3333235294117647 0.5453863636363636 0.019588235294117646 0.08895454545454545