20 0.2188235294117647 0.3125 0.04 0.015
10 0.22088235294117647 0.3481818181818182 0.07529411764705882 0.025
13 0.4061764705882353 0.32727272727272727 0.10058823529411764 0.023636363636363636
13 0.41 0.3277272727272727 0.10588235294117647 0.026363636363636363
0 0.4026470588235294 0.38 0.09705882352941177 0.017272727272727273
17 0.32029411764705884 0.37545454545454543 0.03823529411764706 0.01818181818181818
3 0.5985411764705882 0.4219227272727273 0.23708823529411766 0.0647590909090909
19 0.5352176470588236 0.3783909090909091 0.09788823529411765 0.0184
9 0.5449058823529412 0.35695 0.11334117647058824 0.015922727272727272
8 0.5417647058823529 0.3406818181818182 0.12117647058823529 0.021363636363636362
15 0.2476235294117647 0.39441363636363636 0.1325 0.02216363636363636
6 0.26445882352941175 0.43477272727272726 0.08186470588235294 0.014995454545454546
16 0.2630176470588235 0.4143227272727273 0.08093529411764706 0.019559090909090908
7 0.24760000000000001 0.46870909090909096 0.3912823529411764 0.05257272727272727
18 0.12798235294117646 0.42035 0.08930588235294118 0.02251818181818182
4 0.3055411764705882 0.3185090909090909 0.030688235294117648 0.018840909090909092
5 0.40122352941176476 0.43815454545454546 0.07891176470588236 0.014186363636363638
14 0.12544117647058822 0.35008636363636364 0.10185882352941177 0.08349999999999999
1 0.5427647058823529 0.4781318181818182 0.11297647058823529 0.017881818181818183
13 0.7890882352941176 0.3329181818181818 0.07490588235294118 0.014322727272727273
11 0.2311470588235294 0.36901818181818186 0.04921764705882353 0.012786363636363636