8 0.47823529411764704 0.2747727272727273 0.025294117647058825 0.11545454545454545
3 0.5924764705882353 0.25984999999999997 0.07595294117647058 0.1822181818181818
13 0.5035294117647059 0.5159090909090909 0.03294117647058824 0.0740909090909091
20 0.4970588235294118 0.6695454545454546 0.02235294117647059 0.024545454545454544
10 0.5505882352941176 0.6509090909090909 0.017058823529411765 0.08045454545454546
11 0.5782352941176471 0.6554545454545454 0.021176470588235293 0.042272727272727274
0 0.576764705882353 0.514090909090909 0.031176470588235295 0.06454545454545454
5 0.6561764705882352 0.5093181818181818 0.027058823529411764 0.07863636363636364
4 0.4993470588235294 0.5937045454545455 0.015500000000000002 0.028968181818181817
17 0.5787 0.5751727272727273 0.0179 0.017881818181818183
15 0.6081705882352941 0.6276909090909091 0.023064705882352942 0.13070454545454546
16 0.6350058823529412 0.6412954545454546 0.019594117647058824 0.06051363636363636
6 0.6647294117647059 0.6193363636363636 0.023576470588235292 0.07114090909090909
7 0.7147882352941177 0.6392954545454546 0.05815294117647059 0.32924545454545456
14 0.5612647058823529 0.7383454545454545 0.12421176470588235 0.07539545454545454
18 0.6511764705882352 0.7348727272727272 0.04352941176470588 0.06195454545454546
12 0.6528470588235293 0.22317272727272727 0.03511176470588235 0.24894090909090907
1 0.6855529411764706 0.29563636363636364 0.024894117647058824 0.09387272727272727
9 0.5089705882352941 0.30663181818181817 0.017941176470588235 0.07300454545454546
19 0.5370941176470588 0.2906 0.023770588235294116 0.11626818181818181
13 0.46510588235294115 0.0891090909090909 0.022652941176470587 0.04705