13 0.5982352941176471 0.15363636363636363 0.12352941176470589 0.02090909090909091
15 0.35849411764705885 0.2504454545454545 0.08639999999999999 0.024522727272727272
11 0.37058823529411766 0.21886363636363637 0.08823529411764706 0.019545454545454546
17 0.5052941176470588 0.2190909090909091 0.04 0.02090909090909091
9 0.2490058823529412 0.5217227272727273 0.2250764705882353 0.019804545454545453
8 0.26941176470588235 0.4904545454545455 0.2752941176470588 0.022727272727272728
10 0.39941176470588236 0.19295454545454546 0.15058823529411763 0.017722727272727272
2 0.3936529411764706 0.16469545454545453 0.1402470588235294 0.025754545454545454
20 0.3526470588235294 0.14431818181818182 0.033529411764705884 0.01681818181818182
5 0.6138235294117647 0.3065909090909091 0.11235294117647059 0.019545454545454546
3 0.26823529411764707 0.6077272727272728 0.27647058823529413 0.09090909090909091
0 0.6052941176470589 0.2197727272727273 0.11294117647058824 0.019545454545454546
18 0.25264117647058826 0.3009272727272727 0.1829294117647059 0.030950000000000002
6 0.43264117647058825 0.30945 0.11939999999999999 0.020718181818181816
16 0.4125235294117647 0.27952727272727274 0.07915882352941177 0.02450909090909091
7 0.4005941176470588 0.3648318181818182 0.542364705882353 0.051486363636363636
14 0.2377705882352941 0.20674545454545454 0.15083529411764707 0.13167727272727273
1 0.20641176470588235 0.7050136363636363 0.1517411764705882 0.02773636363636364