14 0.28236607142857145 0.18750000000000003 0.46875 0.19494047619047622 0.4642857142857144 0.4375 0.2801339285714286 0.4360119047619048
13 0.44028906250000005 0.8794687499999999 0.0346015625 0.19642708333333334
7 0.14284375 0.5588125 0.07908593750000001 0.7866041666666667
15 0.303015625 0.5788645833333333 0.0323671875 0.26488541666666665
11 0.342703125 0.5134270833333333 0.022203125 0.09861458333333334
10 0.3856015625 0.4992604166666667 0.025671875 0.12053124999999999
2 0.42075781250000005 0.49405208333333334 0.03125 0.09821875000000001
17 0.337109375 0.70859375 0.0249140625 0.0445
0 0.336671875 0.8584479166666666 0.0275078125 0.15208333333333332
6 0.21974999999999997 0.59353125 0.0245703125 0.15696875
16 0.26028125 0.5661041666666667 0.0240390625 0.07896875
5 0.22042968749999997 0.8569166666666667 0.0241875 0.15132291666666667
18 0.235984375 0.3260104166666667 0.0500859375 0.23304166666666667
4 0.45113281250000004 0.6645520833333334 0.0220625 0.06290625
20 0.45307812500000005 0.4876979166666667 0.020742187500000002 0.04946875