15 0.23344705882352942 0.3754772727272727 0.11590588235294118 0.014590909090909092
11 0.20147058823529412 0.3543181818181818 0.0611764705882353 0.019545454545454546
10 0.20176470588235293 0.3343181818181818 0.05058823529411765 0.01681818181818182
13 0.3841176470588235 0.3084090909090909 0.1011764705882353 0.020454545454545454
9 0.5912176470588235 0.3267090909090909 0.11577058823529413 0.01554090909090909
8 0.5888235294117647 0.30818181818181817 0.11764705882352941 0.01818181818181818
0 0.38029411764705884 0.36045454545454547 0.10058823529411764 0.015454545454545455
17 0.29352941176470587 0.3563636363636364 0.042352941176470586 0.017272727272727273
7 0.22471764705882352 0.46231818181818185 0.3866941176470588 0.04281363636363636
5 0.3688235294117647 0.4197727272727273 0.10235294117647059 0.017727272727272727
3 0.6470588235294118 0.3856409090909091 0.24588235294117647 0.06491818181818182
2 0.20325882352941177 0.31471818181818184 0.047694117647058824 0.012768181818181817
20 0.195 0.29977272727272725 0.03705882352941176 0.015909090909090907
6 0.2604705882352941 0.41997727272727275 0.08368823529411765 0.018736363636363634
16 0.25513529411764707 0.39692727272727274 0.07694117647058824 0.015063636363636364
18 0.12639999999999998 0.3991909090909091 0.13711176470588235 0.03322727272727272
4 0.2818235294117647 0.30066818181818183 0.03031764705882353 0.010427272727272728
14 0.11057058823529411 0.3333590909090909 0.09956470588235293 0.07580454545454546
1 0.5856411764705882 0.4512 0.11442352941176472 0.016031818181818182
13 0.8233470588235294 0.30720000000000003 0.058458823529411764 0.012886363636363637