7 0.5271575000000001 0.93611 0.73598 0.12777666666666665
14 0.33 0.5594433333333333 0.19333250000000002 0.28111
10 0.49375 0.5394433333333333 0.08916750000000001 0.03666666666666667
15 0.5420825 0.6705566666666667 0.2008325 0.03889
13 0.80125 0.46 0.14416749999999998 0.044443333333333335
20 0.45899 0.42371000000000003 0.019647500000000002 0.02964
4 0.550475 0.4341433333333334 0.03595 0.02384666666666667
11 0.66353 0.44349333333333335 0.11372750000000001 0.031433333333333334
0 0.5122000000000001 0.6006666666666667 0.13773 0.03911
17 0.654995 0.6089966666666666 0.036657499999999996 0.031323333333333335
16 0.4751175 0.7354200000000001 0.0735675 0.03306
6 0.50644 0.8109166666666666 0.13954750000000002 0.05072
18 0.29154 0.76012 0.12474500000000001 0.07802
5 0.8082625 0.8155633333333333 0.13819 0.04001333333333334