15 0.4084117647058823 0.5589590909090909 0.20113529411764705 0.025495454545454547
11 0.3523529411764706 0.5277272727272727 0.09529411764705882 0.02181818181818182
10 0.38058823529411767 0.4918181818181818 0.15764705882352942 0.03090909090909091
20 0.3338235294117647 0.4459090909090909 0.04058823529411765 0.019090909090909092
0 0.596764705882353 0.5313636363636364 0.11705882352941177 0.02181818181818182
5 0.6005882352941176 0.6281818181818182 0.12352941176470589 0.023636363636363636
17 0.5020588235294118 0.5295454545454545 0.039411764705882354 0.02181818181818182
13 0.6029411764705882 0.45681818181818185 0.13294117647058823 0.02181818181818182
4 0.4556294117647059 0.4482 0.04654705882352941 0.014577272727272727
18 0.20728823529411763 0.6016636363636364 0.1361470588235294 0.03969090909090909
14 0.20221764705882353 0.5011136363636364 0.14169411764705883 0.11889999999999999
6 0.41999411764705885 0.6258090909090909 0.1145 0.027377272727272726
16 0.4036470588235294 0.5895227272727273 0.07396470588235293 0.01995909090909091
7 0.3743882352941177 0.6826363636363636 0.599764705882353 0.0622409090909091