15 0.39096470588235294 0.5595363636363636 0.19172941176470587 0.025131818181818182
11 0.3447058823529412 0.5281818181818182 0.09176470588235294 0.02181818181818182
20 0.32588235294117646 0.44545454545454544 0.03882352941176471 0.01818181818181818
0 0.5882352941176471 0.5352272727272728 0.11647058823529412 0.021363636363636362
10 0.3714705882352941 0.49204545454545456 0.15941176470588236 0.03227272727272727
13 0.595 0.4606818181818182 0.13705882352941176 0.023181818181818182
17 0.49205882352941177 0.5327272727272727 0.04058823529411765 0.02090909090909091
7 0.3711294117647059 0.6852045454545455 0.6069647058823529 0.07040909090909091
5 0.5897058823529412 0.6313636363636363 0.12764705882352942 0.023636363636363636
4 0.4495529411764706 0.4492227272727273 0.03636470588235294 0.016627272727272727
6 0.40897058823529414 0.6263818181818182 0.11009999999999999 0.027004545454545455
16 0.3880176470588235 0.5897 0.07211764705882352 0.02182272727272727
18 0.19445294117647058 0.6016863636363636 0.13597058823529412 0.03821818181818182
14 0.1867294117647059 0.4955681818181818 0.1342470588235294 0.1229590909090909