10 0.31029411764705883 0.44219090909090913 0.1511764705882353 0.016527272727272727
2 0.26781764705882355 0.42024999999999996 0.057988235294117646 0.018686363636363636
20 0.26823529411764707 0.3965909090909091 0.03882352941176471 0.01681818181818182
0 0.5167647058823529 0.46295454545454545 0.11235294117647059 0.020454545454545454
15 0.35136470588235297 0.49541818181818187 0.21801764705882354 0.019927272727272727
11 0.2917647058823529 0.4675 0.08235294117647059 0.019545454545454546
17 0.4173529411764706 0.4659090909090909 0.039411764705882354 0.02090909090909091
13 0.5244117647058824 0.39545454545454545 0.12294117647058823 0.022727272727272728
5 0.5217647058823529 0.5415909090909091 0.11529411764705882 0.017727272727272727
4 0.3891470588235294 0.3950954545454546 0.04888823529411765 0.01565
6 0.3459882352941176 0.5477909090909091 0.09903529411764707 0.019213636363636367
16 0.32989411764705884 0.5192045454545454 0.07155294117647058 0.023863636363636365
18 0.1711764705882353 0.5320727272727273 0.09478235294117647 0.035263636363636365
7 0.3247764705882353 0.5922 0.49661176470588236 0.05255909090909091
14 0.16165882352941177 0.44736818181818183 0.1499529411764706 0.10018636363636363