10 0.3111764705882353 0.43979999999999997 0.15058823529411763 0.02130909090909091
2 0.26587058823529414 0.4157227272727273 0.055264705882352945 0.019322727272727273
20 0.2685294117647059 0.3965909090909091 0.039411764705882354 0.01681818181818182
0 0.5176470588235295 0.46295454545454545 0.11294117647058824 0.020454545454545454
15 0.3516058823529412 0.4938454545454546 0.22281764705882354 0.019618181818181816
11 0.2923529411764706 0.4672727272727273 0.0811764705882353 0.019090909090909092
17 0.41823529411764704 0.4659090909090909 0.04 0.02090909090909091
13 0.5247058823529411 0.39545454545454545 0.1223529411764706 0.022727272727272728
5 0.5229411764705882 0.5413636363636364 0.11529411764705882 0.017272727272727273
4 0.3941764705882353 0.39398181818181816 0.045211764705882354 0.013718181818181819
7 0.3293 0.5881772727272727 0.511 0.04734090909090909
6 0.34798823529411765 0.5466772727272727 0.10185882352941177 0.0176
16 0.3297941176470588 0.521290909090909 0.07527058823529412 0.01530909090909091
18 0.17565882352941176 0.5301090909090909 0.10818235294117647 0.046577272727272724
14 0.1615294117647059 0.44637272727272725 0.1348294117647059 0.10486818181818182