2 0.31284117647058823 0.4765181818181818 0.12921176470588236 0.023940909090909093
20 0.25882352941176473 0.44795454545454544 0.047058823529411764 0.021363636363636362
17 0.45705882352941174 0.5531818181818182 0.04823529411764706 0.028181818181818183
13 0.6108823529411764 0.45136363636363636 0.1688235294117647 0.02727272727272727
10 0.3235294117647059 0.5180136363636364 0.15529411764705883 0.023972727272727274
5 0.6023529411764705 0.6581818181818182 0.14470588235294118 0.024545454545454544
15 0.3492647058823529 0.5919681818181818 0.19734705882352943 0.022118181818181818
0 0.32114117647058826 0.5528090909090909 0.14110588235294116 0.02015909090909091
6 0.31378235294117646 0.6619545454545455 0.13344117647058823 0.027549999999999998
16 0.3063941176470588 0.6283136363636364 0.1233764705882353 0.022077272727272727
18 0.1267764705882353 0.6451045454545454 0.13825882352941177 0.05566363636363636
4 0.35050588235294117 0.4510181818181818 0.04924705882352941 0.022036363636363635
11 0.4708058823529412 0.4485818181818182 0.11807647058823528 0.01898181818181818
7 0.3582470588235294 0.7227045454545454 0.6670764705882353 0.05814090909090909
14 0.14158823529411765 0.5328772727272727 0.15846470588235292 0.14757272727272727