2 0.3403705882352941 0.4740363636363637 0.10721764705882353 0.023072727272727273
20 0.3185294117647059 0.4459090909090909 0.05 0.02181818181818182
15 0.4106470588235294 0.5828954545454545 0.24776470588235294 0.024881818181818182
17 0.5208823529411765 0.5452272727272728 0.05 0.028636363636363637
11 0.34352941176470586 0.5427272727272727 0.10705882352941176 0.02727272727272727
13 0.6605882352941177 0.4577272727272727 0.17294117647058824 0.028181818181818183
7 0.3898882352941176 0.716659090909091 0.685664705882353 0.06058636363636363
5 0.653235294117647 0.6536363636363637 0.14647058823529413 0.025454545454545455
0 0.6526470588235294 0.5452272727272728 0.14647058823529413 0.02590909090909091
10 0.3891176470588235 0.5098681818181818 0.2252941176470588 0.025718181818181817
6 0.4208705882352941 0.6577727272727273 0.13586470588235294 0.03373181818181818
16 0.3965705882352941 0.6198090909090909 0.0843235294117647 0.025986363636363637
18 0.2114 0.63405 0.22868823529411764 0.05673181818181818
4 0.48000588235294117 0.44744545454545454 0.07471176470588235 0.01989090909090909
14 0.1696529411764706 0.5103227272727273 0.18931176470588235 0.1501909090909091