17 0.27088235294117646 0.20954545454545453 0.11235294117647059 0.025454545454545455
11 0.2738235294117647 0.21045454545454545 0.1111764705882353 0.022727272727272728
10 0.4423529411764706 0.30954545454545457 0.10529411764705883 0.04318181818181818
11 0.4441176470588235 0.27886363636363637 0.08588235294117647 0.015909090909090907
17 0.3562529411764706 0.27354545454545454 0.03588235294117647 0.018636363636363635
16 0.4166764705882353 0.23321818181818182 0.08377058823529411 0.01968181818181818
6 0.40949411764705884 0.20986818181818181 0.08788823529411764 0.01973636363636364
7 0.42521176470588234 0.17595 0.4184882352941176 0.041513636363636364
0 0.28040588235294117 0.27282727272727275 0.0902235294117647 0.01708181818181818
13 0.26029411764705884 0.33224545454545457 0.10041764705882353 0.019036363636363636
4 0.36808235294117647 0.3375863636363637 0.03531764705882353 0.016727272727272726
20 0.4654705882352941 0.3403818181818182 0.026741176470588237 0.018427272727272726
18 0.5547529411764706 0.22557272727272726 0.11286470588235295 0.031659090909090915
15 0.4177411764705882 0.2539818181818182 0.15816470588235293 0.01575
14 0.5601294117647059 0.29501363636363637 0.11185294117647059 0.09521818181818181