13 0.7964705882352942 0.32727272727272727 0.11058823529411765 0.01818181818181818
13 0.7976470588235294 0.3277272727272727 0.11176470588235295 0.01818181818181818
10 0.6120588235294118 0.3613636363636364 0.06529411764705882 0.015454545454545455
15 0.6274647058823529 0.4017636363636364 0.09022941176470588 0.015645454545454546
11 0.6173529411764705 0.3765909090909091 0.07941176470588235 0.017727272727272727
2 0.6159764705882353 0.3377272727272727 0.06332941176470588 0.011818181818181818
20 0.6011764705882353 0.31886363636363635 0.04 0.014090909090909091
9 0.08701176470588234 0.35459545454545455 0.10539411764705882 0.013740909090909092
8 0.08498823529411764 0.33461363636363634 0.09742941176470588 0.010131818181818181
3 0.17411764705882352 0.4072727272727273 0.29411764705882354 0.07090909090909091
7 0.6424058823529412 0.4766818181818182 0.3848117647058823 0.036699999999999997
5 0.7923529411764706 0.4409090909090909 0.0988235294117647 0.014545454545454545
0 0.7929411764705883 0.3809090909090909 0.09411764705882353 0.017272727272727273
17 0.7120588235294117 0.3795454545454545 0.03470588235294118 0.01818181818181818
12 0.1718764705882353 0.45848181818181816 0.28297058823529414 0.013927272727272727
1 0.0898529411764706 0.48075000000000007 0.1110764705882353 0.016045454545454543
13 0.31515882352941177 0.3255 0.05189411764705882 0.017668181818181816
4 0.6877352941176471 0.3230909090909091 0.02645294117647059 0.01739090909090909
6 0.6605117647058822 0.44413636363636366 0.08376470588235295 0.01554090909090909
16 0.6428705882352942 0.4229090909090909 0.04260588235294118 0.013995454545454545
18 0.5075058823529411 0.43815909090909094 0.06598823529411765 0.02783181818181818
14 0.5126352941176471 0.3603136363636364 0.11350588235294118 0.0979