10 0.3782058823529412 0.44842727272727273 0.10294117647058823 0.01599090909090909
2 0.3816058823529412 0.4302590909090909 0.08673529411764705 0.019604545454545454
20 0.36264705882352943 0.4118181818181818 0.04588235294117647 0.01818181818181818
13 0.5558823529411765 0.4254545454545455 0.11176470588235295 0.02
15 0.4116764705882353 0.4940045454545454 0.1547294117647059 0.019831818181818183
17 0.4717647058823529 0.47545454545454546 0.036470588235294116 0.019090909090909092
0 0.5494117647058824 0.4784090909090909 0.1011764705882353 0.01681818181818182
7 0.38787058823529413 0.5696954545454546 0.4012352941176471 0.03630454545454546
5 0.5497058823529412 0.5402272727272728 0.09705882352941177 0.015909090909090907
11 0.37 0.47 0.06705882352941177 0.01818181818181818
4 0.4497941176470588 0.41407727272727274 0.029005882352941176 0.013004545454545454
6 0.4145941176470588 0.5385409090909091 0.07792352941176471 0.014740909090909091
16 0.40397647058823527 0.5158136363636363 0.05501176470588235 0.017986363636363637
18 0.29173529411764704 0.524240909090909 0.13641764705882353 0.04090454545454545
14 0.26676470588235296 0.4476318181818182 0.10608235294117647 0.08465454545454545