13 0.803416955017301 0.30637254901960786 0.17949826989619377 0.03892733564013841
2 0.4774005190311419 0.3575547866205306 0.21301903114186851 0.031718569780853516
10 0.4563148788927336 0.4224336793540946 0.1773356401384083 0.03748558246828143
14 0.2557309688581315 0.4361303344867359 0.22166955017301038 0.3042099192618224
15 0.5190311418685121 0.5666089965397924 0.296280276816609 0.03460207612456748
7 0.5029714532871972 0.834576124567474 0.8329346885813148 0.1408910034602076
20 0.4148226643598616 0.3020847750865052 0.02947448096885813 0.041882929642445214
4 0.5887153979238754 0.2943915801614764 0.04853589965397924 0.03803056516724337
11 0.4748226643598616 0.4853171856978085 0.1927227508650519 0.03637543252595156
17 0.642833044982699 0.49161476355247985 0.03999134948096886 0.04608996539792388
18 0.2584753460207613 0.6779411764705882 0.21850562283737024 0.1246280276816609
16 0.5179671280276816 0.637681660899654 0.1557439446366782 0.0498760092272203
6 0.5266868512110727 0.7183016147635525 0.1602076124567474 0.05540657439446367
5 0.8196929065743945 0.7103489042675893 0.16879974048442906 0.06544694348327566
0 0.8044096020761246 0.485020184544406 0.15332612456747405 0.055968858131487886