14 0.2732329842931937 0.313720703125 0.18651832460732984 0.27099609375
7 0.4660405759162304 0.66005859375 0.6074803664921467 0.1169921875
13 0.7010798429319371 0.2197265625 0.14234293193717276 0.05859375
11 0.4188612565445026 0.36962890625 0.07332460732984293 0.043955078125
10 0.412303664921466 0.306396484375 0.08507853403141362 0.04150390625
2 0.40657722513089006 0.250244140625 0.08017015706806283 0.04638671875
15 0.499836387434555 0.4248046875 0.2601439790575916 0.0390625
20 0.39441753926701567 0.20263671875 0.02967277486910995 0.038076171875
4 0.5288416230366493 0.202392578125 0.041976439790575915 0.041513671875
19 0.31138089005235603 0.51970703125 0.07825261780104711 0.094091796875
17 0.5743979057591623 0.37052734375 0.03361910994764398 0.0457421875
0 0.7002879581151832 0.36681640625 0.12832460732984294 0.0422265625
6 0.4818913612565445 0.556689453125 0.1313219895287958 0.046962890625
16 0.4591426701570681 0.49423828125 0.07273560209424083 0.0392578125
5 0.6941164921465968 0.5521875 0.13431282722513088 0.04578125