14 0.20438920454545456 0.3344930555555556 0.2541051136363636 0.3819444444444444
7 0.5078409090909091 0.8598125000000001 0.956496212121212 0.18836805555555555
13 0.8254403409090909 0.14814583333333334 0.2051751893939394 0.06944444444444445
10 0.4648058712121212 0.3217569444444444 0.21306818181818182 0.05092361111111111
2 0.4206107954545455 0.2268541666666667 0.13415246212121212 0.05555555555555555
15 0.5105729166666666 0.4988402777777778 0.3077651515151515 0.05324305555555556
18 0.19402935606060606 0.6379305555555556 0.27205018939393943 0.11238888888888889
17 0.624280303030303 0.40621527777777783 0.04117424242424242 0.05173611111111111
16 0.4059375 0.591 0.11821969696969697 0.05325694444444444
0 0.43599905303030306 0.41122916666666665 0.17360795454545455 0.0652361111111111
4 0.4920359848484849 0.14360416666666667 0.05840909090909091 0.04734027777777778
11 0.6451515151515151 0.14316666666666666 0.15631155303030303 0.05688888888888889
6 0.44137310606060604 0.6843125 0.1677840909090909 0.059319444444444445
5 0.835 0.6924444444444444 0.1785179924242424 0.058229166666666665
20 0.36710227272727275 0.1403125 0.03581439393939394 0.04770138888888889