7 0.16804232804232805 0.49926339285714283 0.13546626984126983 0.9158531746031745
13 0.7886904761904762 0.8444940476190477 0.06283068783068783 0.22073412698412698
10 0.6613756613756614 0.3931051587301587 0.05291005291005291 0.11160714285714286
2 0.753968253968254 0.3968253968253968 0.05952380952380952 0.13392857142857142
14 0.6415343915343915 0.19345238095238096 0.3835978835978836 0.28273809523809523
15 0.484457671957672 0.4774305555555556 0.056216931216931214 0.2554563492063492
20 0.817010582010582 0.3852405753968254 0.0357010582010582 0.03800595238095238
4 0.8176421957671959 0.5918030753968254 0.03696097883597883 0.06588045634920635
11 0.583369708994709 0.4261656746031746 0.0446031746031746 0.12316468253968255
16 0.395515873015873 0.4789285714285714 0.04587962962962963 0.08484126984126984
6 0.3059193121693122 0.516453373015873 0.05848875661375662 0.17146329365079366
5 0.3088888888888889 0.8378893849206349 0.06001322751322751 0.17610863095238097
0 0.5811673280423281 0.8319742063492064 0.05122354497354498 0.1742013888888889
17 0.5770833333333333 0.6587103174603175 0.04746362433862434 0.036006944444444446
18 0.36443783068783064 0.15873015873015872 0.12702050264550266 0.13723462301587303