10 0.6918819188191881 0.41146093749999996 0.055350553505535055 0.1484375
2 0.7943788437884379 0.40299218750000004 0.055350553505535055 0.12369531250000002
15 0.4899507995079951 0.474609375 0.06559655596555965 0.2747421875
7 0.09605166051660517 0.48971875000000004 0.1429151291512915 0.9442812500000001
13 0.8692127921279212 0.8704453125 0.07380073800738007 0.2200546875
14 0.6683025830258303 0.17708593749999998 0.46740467404674046 0.3020859375
0 0.5886715867158672 0.42806249999999996 0.05801968019680197 0.17642968750000002
16 0.3810578105781058 0.41146874999999994 0.054858548585485854 0.14520312500000002
6 0.2686346863468635 0.42207812499999997 0.06063960639606396 0.18790625
5 0.2645018450184502 0.832921875 0.05544895448954489 0.195140625
17 0.5770725707257073 0.6251015625 0.05329643296432964 0.0451328125
4 0.8948339483394834 0.490734375 0.043038130381303816 0.0576328125
20 0.9050184501845018 0.35909375 0.03266912669126691 0.040453125
11 0.8949938499384994 0.6491953125000001 0.03722017220172202 0.1616640625
18 0.35210332103321035 0.1851640625 0.1322632226322263 0.268765625