7 0.47983795086251957 0.9330721489526765 0.9554939884997385 0.08647013188518231
13 0.9012023000522739 0.6094840961986036 0.19759539989545216 0.043638479441427465
2 0.4521693674856247 0.6056051202482544 0.13329848405645583 0.024243599689681924
10 0.42537898588604284 0.6487587276958883 0.09801359121798223 0.0252133436772692
14 0.2241244119184527 0.6473041117145074 0.2652901202300052 0.20073700543056633
15 0.5436487192890748 0.7481574864235842 0.3267119707266074 0.03200155159038014
20 0.42824359644537374 0.567932505818464 0.03683220073183481 0.02647788983708301
4 0.6547412441191846 0.5765244375484871 0.06535807631991636 0.02814584949573313
6 0.5850026136957658 0.8559270752521334 0.22698379508625197 0.03231186966640807
5 0.8698013591217982 0.854034134988363 0.20274438055410351 0.03389837083010085
0 0.8837846314688971 0.7172963537626067 0.19307893361212755 0.03195500387897595
11 0.46791949817041295 0.699732350659426 0.12455305802404601 0.029406516679596588
17 0.7210611604809201 0.7129169899146626 0.0432723470987977 0.030954228083785878
16 0.5473863042341872 0.803910007757952 0.14756926293779404 0.03140031031807603
18 0.21330371144798746 0.8062257564003102 0.23005227391531624 0.06862296353762606