20 0.22295833333333334 0.6149687500000001 0.05146666666666667 0.0591
2 0.2833333333333333 0.5975 0.03666666666666667 0.1225
10 0.3625 0.621875 0.04833333333333333 0.09375
15 0.5308333333333334 0.56 0.045 0.2175
13 0.2625 0.181875 0.058333333333333334 0.18875
7 0.8199166666666666 0.55089375 0.15410833333333335 0.8982125000000001
14 0.3675 0.8125 0.355 0.285
4 0.23560833333333334 0.41445 0.0601 0.08723125
16 0.610675 0.5212625 0.054691666666666666 0.10503125
0 0.46731666666666666 0.188525 0.05685833333333334 0.19788125
17 0.44929166666666664 0.35441875 0.03191666666666666 0.02848125
18 0.663875 0.7634687499999999 0.12536666666666665 0.22336875
11 0.44445833333333334 0.57175 0.041291666666666664 0.10778125
6 0.69395 0.48521250000000005 0.037899999999999996 0.17221250000000002
5 0.6969249999999999 0.18455 0.03908333333333333 0.15481875