2 0.4140625 0.12333333333333334 0.103125 0.021666666666666667
10 0.4036458333333333 0.16708333333333333 0.084375 0.024166666666666666
15 0.5442708333333334 0.25583333333333336 0.35520833333333335 0.023333333333333334
14 0.20208333333333334 0.17166666666666666 0.28958333333333336 0.20166666666666666
7 0.4959458333333333 0.41997666666666666 0.9502291666666668 0.06661666666666667
13 0.88125 0.10833333333333334 0.20625 0.02666666666666667
20 0.40703333333333336 0.09039000000000001 0.0349 0.02578
4 0.6285875 0.09285666666666667 0.0655125 0.02571666666666667
17 0.6879708333333334 0.21232333333333334 0.0426125 0.024646666666666667
11 0.46773333333333333 0.21026999999999998 0.21463333333333334 0.025536666666666666
0 0.8675083333333333 0.21094666666666667 0.16418333333333335 0.026893333333333335
16 0.5398291666666666 0.30151666666666666 0.1629875 0.029696666666666666
6 0.5534708333333334 0.3485933333333333 0.18402500000000002 0.027183333333333334
5 0.8703708333333333 0.34789000000000003 0.17407499999999998 0.022443333333333332
18 0.19613333333333335 0.32658666666666664 0.23393333333333335 0.06650333333333333
8 0.16021666666666665 0.55355 0.2662625 0.03210333333333333
9 0.1231 0.59697 0.1920375 0.022276666666666667
3 0.2846958333333333 0.7459366666666667 0.533975 0.13187666666666667
1 0.15158333333333335 0.8999866666666667 0.29275 0.02664
13 0.7284083333333333 0.5559533333333333 0.12557083333333333 0.02524