2 0.7766666666666666 0.4125 0.03666666666666667 0.17
11 0.6510033333333334 0.410485 0.03867333333333333 0.1184725
10 0.7141666666666666 0.379375 0.03166666666666667 0.10375
13 0.8058333333333333 0.75375 0.041666666666666664 0.1725
15 0.5791666666666667 0.488125 0.055 0.32375
14 0.6825 0.18 0.305 0.2775
20 0.8242366666666667 0.36824250000000003 0.03514333333333334 0.043984999999999996
4 0.8211333333333334 0.5432575000000001 0.038933333333333334 0.0565125
6 0.42046333333333336 0.5017900000000001 0.04759 0.16858
16 0.49744666666666665 0.465645 0.04823 0.10629000000000001
5 0.44109666666666664 0.7952025 0.05886 0.165405
18 0.43418999999999996 0.21525249999999999 0.13504666666666668 0.2205025
17 0.6535533333333333 0.61329 0.04377666666666667 0.054082500000000006
0 0.65575 0.76875 0.048163333333333336 0.1525
7 0.1422265625 0.0275927734375 0.31967447916666664 0.0150146484375 0.38854166666666673 0.8805578125016764 0.2579817708333335 0.8869933593766763