14 0.18166666666666667 0.46041750000000004 0.27666666666666667 0.2075
2 0.4027766666666666 0.41375 0.13889 0.0241675
10 0.48722333333333334 0.4566675 0.30333333333333334 0.0266675
15 0.4544433333333333 0.5520825 0.25111 0.0241675
13 0.8372233333333333 0.3941675 0.22111 0.041667499999999996
7 0.47792 0.7186174999999999 0.90473 0.0789025
20 0.37108 0.377685 0.03771666666666667 0.023704999999999997
4 0.5818733333333332 0.3788375 0.06597333333333333 0.027675
11 0.4043933333333333 0.504655 0.11101 0.02931
17 0.6468633333333333 0.5124275 0.047060000000000005 0.039857500000000004
0 0.8366499999999999 0.508755 0.18441333333333335 0.03251
16 0.46564 0.60212 0.09572333333333334 0.0292425
6 0.5069633333333333 0.652255 0.17392333333333332 0.0295125
5 0.8381033333333333 0.6512575 0.17842999999999998 0.024182500000000003
18 0.22513666666666665 0.625745 0.22583 0.08649