13 0.8134920634920635 0.2982390873015873 0.21164021164021163 0.035962301587301584
10 0.3976521164021164 0.3732638888888889 0.10747354497354497 0.02976190476190476
2 0.4183201058201058 0.3323412698412698 0.15211640211640212 0.022321428571428572
14 0.20089285714285715 0.40054563492063494 0.23974867724867724 0.18601190476190477
15 0.5398478835978836 0.4600694444444444 0.3819444444444444 0.027281746031746032
7 0.49153769841269845 0.63953125 0.9059126984126984 0.0737078373015873
18 0.209484126984127 0.5365550595238094 0.1698478835978836 0.061202876984126985
20 0.3844444444444444 0.29643601190476193 0.03696428571428571 0.02078125
4 0.584943783068783 0.2907762896825397 0.0631845238095238 0.024342757936507937
17 0.6448743386243386 0.4137946428571429 0.04415674603174603 0.02898065476190476
0 0.8214285714285714 0.409015376984127 0.19003637566137566 0.02933779761904762
11 0.4419047619047619 0.4113144841269841 0.20920304232804232 0.025669642857142856
6 0.5170271164021164 0.550344742063492 0.18969907407407408 0.039181547619047616
16 0.4929332010582011 0.5078249007936508 0.12387566137566139 0.02193452380952381
5 0.8261541005291005 0.5456324404761904 0.19287698412698412 0.034719742063492064