7 0.25635250000000004 0.4856566666666667 0.075205 0.90465
13 0.624375 0.815 0.03375 0.20666666666666667
11 0.5022375 0.4403033333333334 0.0294725 0.22394000000000003
10 0.54625 0.39666666666666667 0.025 0.12
2 0.594375 0.3958333333333333 0.02125 0.11833333333333333
15 0.459375 0.5816666666666667 0.03625 0.49333333333333335
14 0.546875 0.17333333333333334 0.21125 0.2733333333333333
20 0.6299 0.38549333333333335 0.0248 0.04765666666666667
6 0.355945 0.5053333333333333 0.03189 0.19399666666666668
16 0.40416 0.47445666666666664 0.03332 0.11558
18 0.37174250000000003 0.21683333333333332 0.055987499999999996 0.26033333333333336
17 0.5027 0.6422933333333334 0.0304 0.08459
4 0.626305 0.5902066666666667 0.0351125 0.09374333333333335
0 0.504725 0.8307533333333335 0.039447499999999996 0.19816999999999999
5 0.35675 0.8408833333333333 0.0335 0.19509666666666667