14 0.3195271164021164 0.5633060515873016 0.16782407407407407 0.1345486111111111
2 0.43898809523809523 0.5257936507936508 0.054563492063492064 0.016121031746031748
10 0.5096726190476191 0.5561755952380952 0.20089285714285715 0.016121031746031748
15 0.5200066137566137 0.6194196428571429 0.21329365079365079 0.018601190476190476
13 0.7605820105820106 0.5028521825396826 0.14384920634920634 0.022321428571428572
20 0.44645502645502644 0.5009499007936508 0.026507936507936508 0.014796626984126983
4 0.5885251322751323 0.5008506944444444 0.04389219576719577 0.01625248015873016
11 0.469130291005291 0.5881051587301587 0.07847222222222222 0.01880456349206349
17 0.6185648148148148 0.5889930555555556 0.02681216931216931 0.020577876984126983
0 0.7476587301587302 0.5887971230158731 0.1284722222222222 0.02349454365079365
7 0.5298511904761904 0.7420882936507937 0.6187830687830688 0.06221726190476191
6 0.5361309523809524 0.6874404761904762 0.12208333333333334 0.02402281746031746
16 0.5137433862433862 0.6535739087301587 0.07731150793650793 0.01911706349206349
5 0.7520502645502645 0.6893774801587302 0.12843915343915344 0.019627976190476192
18 0.31996362433862435 0.6649925595238095 0.11743716931216931 0.043608630952380954