0 0.4282916666666667 0.29534375 0.20776041666666664 0.0326484375
10 0.44357291666666665 0.2486953125 0.22395833333333334 0.026039062499999998
15 0.47742708333333334 0.3443984375 0.28819791666666666 0.02734375
14 0.18055208333333334 0.275390625 0.27778125000000004 0.19921875
7 0.5104166666666666 0.53359375 0.9791666666666666 0.0917421875
13 0.8645833333333334 0.17578125 0.22569791666666666 0.028648437500000002
6 0.43094791666666665 0.4489296875 0.20117708333333334 0.034015625
5 0.8657291666666667 0.440234375 0.21657291666666667 0.034484375
4 0.48422916666666665 0.1694453125 0.05477083333333333 0.02415625
20 0.34908333333333336 0.1662265625 0.03745833333333334 0.019953125
16 0.42090625 0.39733593749999996 0.17217708333333331 0.029046875
18 0.15590625 0.4325546875 0.23145833333333332 0.07047656249999999
17 0.6352291666666667 0.2960390625 0.04426041666666667 0.0318125
11 0.64796875 0.17078125 0.18582291666666664 0.0290546875