14 0.3677554347826087 0.6058325 0.3297119565217391 0.165
20 0.23021195652173912 0.48721 0.03651630434782609 0.031087499999999997
2 0.2907608695652174 0.48875 0.034418478260869564 0.0558325
10 0.362320652173913 0.4758325 0.03260869565217391 0.08333249999999999
11 0.4323423913043478 0.45029 0.03859782608695652 0.12057999999999999
15 0.5135869565217391 0.4229175 0.04891304347826087 0.1825
7 0.8210978260869565 0.441455 0.15669021739130434 0.551245
13 0.2826086956521739 0.24791749999999999 0.05434782608695652 0.1125
4 0.24669021739130437 0.37301 0.04410869565217391 0.03102
17 0.4419782608695652 0.33733749999999996 0.0397554347826087 0.0280075
0 0.45847282608695655 0.242465 0.051000000000000004 0.0932625
16 0.5966630434782608 0.4236775 0.04839673913043478 0.0806875
6 0.6836521739130436 0.406195 0.05209239130434782 0.1057225
5 0.6811521739130434 0.2289425 0.04346195652173913 0.0928875
18 0.6581141304347826 0.5747475 0.13507065217391304 0.2111625