11 0.4453548387096774 0.20574358974358972 0.1681290322580645 0.0263019943019943
10 0.446233870967742 0.16334472934472935 0.16666935483870968 0.02468945868945869
2 0.4314516129032258 0.1282051282051282 0.13709677419354838 0.01899145299145299
14 0.2399193548387097 0.17331623931623932 0.22983870967741934 0.16809116809116809
15 0.519491935483871 0.24406267806267806 0.31316935483870967 0.022792022792022793
13 0.771508064516129 0.10683760683760683 0.1774193548387097 0.023743589743589744
7 0.4850564516129032 0.38381766381766386 0.7604435483870968 0.07703703703703703
20 0.3980967741935484 0.09918518518518518 0.04081451612903226 0.017937321937321938
4 0.5759274193548387 0.09936752136752136 0.07927419354838709 0.018296296296296297
17 0.626983870967742 0.20876923076923076 0.03623387096774194 0.033874643874643874
0 0.7813790322580645 0.20341880341880342 0.1595241935483871 0.023931623931623933
6 0.5135403225806451 0.3202507122507122 0.14966129032258066 0.027396011396011395
16 0.49307258064516124 0.28287749287749286 0.11195967741935485 0.02331054131054131
18 0.25300806451612906 0.29346438746438747 0.18666129032258066 0.05587464387464387
5 0.78625 0.32022222222222224 0.16233870967741937 0.02070655270655271
19 0.25771774193548386 0.6343418803418803 0.2670564516129032 0.031076923076923075
9 0.1963548387096774 0.5925413105413105 0.13786290322580644 0.024974358974358974
8 0.19926612903225807 0.552923076923077 0.14369354838709678 0.025509971509971512
3 0.45699193548387096 0.7064843304843306 0.6623709677419355 0.10014814814814814
1 0.24611290322580645 0.8227920227920228 0.24060483870967744 0.029623931623931624
12 0.4360725806451613 0.7809458689458689 0.6140725806451613 0.025715099715099717
13 0.7392983870967742 0.5426894586894586 0.09794354838709678 0.016433048433048433