11 0.4646225939735967 0.21698224852071007 0.13311498538748362 0.020476937335139375
10 0.48473243978635494 0.18785199971483568 0.15519500151163962 0.017822770371426534
14 0.3124055225234304 0.18642617808512155 0.16527259901239544 0.11335281956227276
13 0.6973697470523027 0.14436444000855492 0.13503980651012798 0.01639694874171241
15 0.5436863851657765 0.24488486490340058 0.27310289227048273 0.017822770371426534
7 0.4717414088481306 0.3429279247166179 0.5524730424266855 0.05421758038069437
20 0.4296220900937217 0.14305981321736652 0.03288219288521617 0.01521351678904969
4 0.556212838859216 0.14350253083339276 0.05226141287916961 0.014673130391388036
17 0.5942890254963217 0.21960576031938403 0.03771641640632873 0.018594139873101875
18 0.3316557492693742 0.28458615527197545 0.12315126473848634 0.05445141512796749
6 0.5122513352816688 0.29887003635845155 0.10945580973495919 0.018855778142154417
16 0.4956777184319258 0.271376630783489 0.07026403305451981 0.018050901832180794
5 0.7000856595787565 0.302199329863834 0.10822432732036684 0.024088543523205247
0 0.702479088985186 0.2181271832893705 0.10293358863247001 0.015636985813074784