14 0.20778108465608466 0.38649057539682535 0.2612433862433862 0.20089285714285715
2 0.43595568783068783 0.31911458333333337 0.15762896825396827 0.023147321428571427
10 0.4111541005291005 0.36830357142857145 0.10582010582010581 0.0206671626984127
15 0.5456349206349206 0.4571750992063492 0.39241732804232804 0.021495535714285714
13 0.836087962962963 0.29844494047619047 0.21053902116402115 0.036376488095238094
7 0.4830621693121693 0.6339657738095238 0.8950264550264551 0.07125248015873016
20 0.40227843915343914 0.27872767857142855 0.03240079365079365 0.02174107142857143
4 0.6021891534391535 0.2803174603174603 0.05689153439153439 0.02492311507936508
11 0.4524537037037037 0.4059375 0.1955820105820106 0.026904761904761907
17 0.659484126984127 0.41432291666666665 0.0259755291005291 0.02383184523809524
0 0.8259126984126984 0.4144965277777778 0.1637334656084656 0.02417906746031746
16 0.49899140211640214 0.5075818452380952 0.11504629629629629 0.021857638888888888
18 0.2220899470899471 0.5256101190476191 0.19285383597883599 0.05915922619047619
6 0.5207837301587301 0.5516071428571429 0.16686507936507938 0.029303075396825397
5 0.8344742063492063 0.5565500992063492 0.17255291005291004 0.02803323412698413