14 0.18330733229329174 0.17228739002932553 0.29381175247009883 0.20527859237536658
2 0.3763650546021841 0.12234237536656892 0.06370254810192408 0.022910557184750734
10 0.47386895475819035 0.16862170087976538 0.27691107644305774 0.02749266862170088
13 0.859334373374935 0.09897360703812316 0.21320852834113366 0.03848973607038123
7 0.4860686427457098 0.4363563049853373 0.930535621424857 0.06625733137829912
3 0.38091523660946436 0.811491935483871 0.7150286011440458 0.13654692082111436
1 0.1794071762870515 0.9732404692082112 0.26781071242849713 0.03482404692082111
13 0.7520800832033281 0.6075879765395894 0.14170566822672906 0.031158357771260997
15 0.44006760270410816 0.25843108504398826 0.1937077483099324 0.025659824046920823
20 0.3699583983359334 0.08757697947214076 0.03528861154446178 0.026689882697947215
4 0.5885075403016121 0.08826979472140763 0.06417576703068123 0.02441348973607038
11 0.4064638585543422 0.21231304985337246 0.12909516380655225 0.025069648093841643
17 0.6661570462818512 0.20528225806451614 0.03486219448777952 0.022001466275659826
18 0.8688975559022362 0.20770894428152492 0.17773270930837232 0.02685117302052786
16 0.47960998439937597 0.30347873900293254 0.07778991159646385 0.02777859237536657
6 0.5368486739469578 0.3512426686217009 0.18186687467498702 0.026165689149560117
5 0.8722932917316693 0.3440799120234604 0.18711908476339054 0.02283724340175953
18 0.20501820072802912 0.32484604105571846 0.19682787311492458 0.09800219941348974
8 0.19737909516380656 0.5981891495601173 0.32975039001560064 0.03618768328445748
9 0.18481539261570462 0.6531048387096774 0.3332241289651586 0.03421554252199414
19 0.19185127405096203 0.7062280058651026 0.3186999479979199 0.028658357771261