13 0.8825951557093425 0.17262295081967213 0.2241176470588235 0.058961748633879776
10 0.42505190311418684 0.3037704918032787 0.1622491349480969 0.04912568306010929
11 0.45536332179930794 0.41683060109289616 0.20536332179930797 0.05333333333333333
17 0.673598615916955 0.41540983606557375 0.03304498269896194 0.035081967213114754
0 0.862560553633218 0.41568306010928957 0.17678200692041524 0.04491803278688525
15 0.5023875432525952 0.5139344262295081 0.3241176470588235 0.054754098360655735
16 0.5151903114186851 0.6172677595628415 0.1323529411764706 0.04912568306010929
6 0.5381660899653979 0.7240437158469946 0.18124567474048445 0.05191256830601093
5 0.8632525951557093 0.7223497267759563 0.18480968858131486 0.06316939890710382
7 0.4928027681660899 0.9040983606557377 0.9408996539792388 0.1591256830601093
20 0.39608996539792385 0.1350273224043716 0.03325259515570934 0.04786885245901639
4 0.6161245674740484 0.14475409836065573 0.07152249134948098 0.059508196721311475
14 0.18456747404844293 0.3185792349726776 0.28726643598615914 0.45393442622950814
18 0.21439446366782008 0.6722950819672131 0.2497923875432526 0.13491803278688524