2 0.5715401785714286 0.22281355932203392 0.4552232142857143 0.048610169491525426
13 0.8664285714285714 0.15247457627118643 0.21377232142857142 0.05
10 0.5090178571428571 0.3234237288135593 0.31656249999999997 0.04444067796610169
11 0.43823660714285717 0.4068135593220339 0.21720982142857143 0.055525423728813555
17 0.6659598214285715 0.4217627118644068 0.05174107142857143 0.05233898305084746
0 0.8568303571428572 0.4178305084745763 0.20982142857142858 0.04722033898305085
15 0.5255580357142857 0.5241694915254237 0.37941964285714286 0.04722033898305085
16 0.50609375 0.6230508474576272 0.14629464285714286 0.04583050847457627
6 0.5408482142857143 0.7230847457627119 0.2174330357142857 0.04722033898305085
7 0.48595982142857147 0.9005084745762711 0.9531696428571428 0.16776271186440678
5 0.8471651785714285 0.7155254237288136 0.21622767857142858 0.06077966101694915
14 0.18004464285714286 0.35823728813559325 0.27895089285714286 0.4565762711864407
20 0.3796205357142857 0.13630508474576272 0.041629464285714284 0.05328813559322034
4 0.6001116071428572 0.13732203389830508 0.07421875 0.054
18 0.19279017857142858 0.6730508474576271 0.1696875 0.13579661016949154