2 0.3977678571428571 0.21754385964912282 0.10803571428571428 0.05333333333333333
13 0.8825892857142856 0.17263157894736844 0.22410714285714287 0.05894736842105264
10 0.4008928571428571 0.3136842105263158 0.11071428571428572 0.04912280701754386
11 0.45535714285714285 0.4168421052631579 0.20535714285714285 0.05333333333333333
17 0.6647321428571429 0.42736842105263156 0.033035714285714286 0.03508771929824561
0 0.85 0.43087719298245614 0.1767857142857143 0.04491228070175439
15 0.509375 0.5256140350877193 0.3241071428571428 0.05473684210526315
16 0.5080357142857143 0.6266666666666666 0.1142857142857143 0.04912280701754386
6 0.5424107142857143 0.736140350877193 0.18125 0.05192982456140351
5 0.8468749999999999 0.7389473684210526 0.18482142857142855 0.06315789473684211
7 0.4927901785714286 0.9041052631578947 0.9409151785714285 0.15912280701754386
20 0.39609374999999997 0.13505263157894737 0.03325892857142857 0.04785964912280702
4 0.6161160714285714 0.14477192982456139 0.07151785714285715 0.05950877192982457
14 0.18455357142857146 0.31856140350877193 0.28727678571428567 0.4539298245614035