2 0.5524553571428571 0.22936026936026938 0.3980580357142857 0.04909090909090909
13 0.8649553571428571 0.1830976430976431 0.2250669642857143 0.046296296296296294
10 0.4096875 0.31777777777777777 0.12183035714285714 0.04909090909090909
11 0.42689732142857145 0.41175084175084176 0.11345982142857143 0.040673400673400674
17 0.6668526785714286 0.4307070707070707 0.0390625 0.04771043771043771
0 0.8714732142857143 0.4327946127946128 0.20274553571428572 0.054713804713804715
15 0.4878125 0.5281818181818182 0.27995535714285713 0.0435016835016835
16 0.5129241071428571 0.62010101010101 0.16089285714285714 0.04208754208754209
6 0.5240848214285714 0.730909090909091 0.18136160714285715 0.04771043771043771
5 0.8147321428571429 0.7372390572390572 0.1953125 0.0435016835016835
14 0.17700892857142855 0.35632996632996633 0.2845982142857143 0.4956565656565657
18 0.19450892857142857 0.6921212121212121 0.35676339285714287 0.12723905723905723
7 0.48415178571428574 0.8963973063973064 0.9459821428571429 0.1391919191919192
20 0.38734375 0.15249158249158248 0.028147321428571428 0.0468013468013468
4 0.6060714285714285 0.15141414141414142 0.06383928571428572 0.05585858585858586