13 0.8498883928571429 0.1759468438538206 0.21377232142857142 0.05
10 0.5090178571428571 0.323421926910299 0.31656249999999997 0.044451827242524916
11 0.43823660714285717 0.4068106312292359 0.21720982142857143 0.05551495016611296
17 0.6659598214285715 0.4217607973421927 0.05174107142857143 0.05232558139534884
0 0.8351785714285714 0.4171760797342193 0.20982142857142858 0.0472093023255814
15 0.5247991071428572 0.5168770764119601 0.37941964285714286 0.0472093023255814
16 0.5158258928571429 0.6066777408637875 0.14629464285714286 0.04581395348837209
6 0.5411383928571428 0.7140863787375415 0.2174330357142857 0.0472093023255814
7 0.48595982142857147 0.900498338870432 0.9531696428571428 0.16777408637873753
5 0.8471651785714285 0.715514950166113 0.21622767857142858 0.0607641196013289
14 0.18004464285714286 0.3582392026578073 0.27895089285714286 0.456578073089701
20 0.38203125 0.15395348837209302 0.041629464285714284 0.053289036544850496
4 0.5993080357142857 0.1587375415282392 0.07421875 0.05398671096345515
18 0.23352678571428573 0.6614950166112957 0.20058035714285713 0.13578073089700995