2 0.41042410714285715 0.2321254355400697 0.1246205357142857 0.045644599303135885
10 0.42299107142857145 0.32679442508710804 0.09513392857142856 0.04425087108013937
13 0.8678348214285715 0.21742160278745645 0.20647321428571427 0.05707317073170731
17 0.6912053571428572 0.43909407665505223 0.01953125 0.03707317073170732
11 0.45183035714285713 0.4340418118466899 0.11066964285714286 0.04282229965156794
0 0.8756696428571429 0.44278745644599304 0.20252232142857143 0.049930313588850174
15 0.4418973214285714 0.533588850174216 0.15625 0.045644599303135885
16 0.5331026785714286 0.6359581881533102 0.15279017857142857 0.045644599303135885
6 0.5641294642857143 0.7434843205574913 0.21640625 0.049930313588850174
5 0.8648660714285714 0.7469686411149825 0.21098214285714284 0.0681184668989547
20 0.41245535714285714 0.1629268292682927 0.03957589285714286 0.04885017421602787
4 0.633169642857143 0.16222996515679444 0.06238839285714286 0.054529616724738675
7 0.49573660714285717 0.913588850174216 0.9327678571428571 0.1635540069686411
18 0.2028125 0.6977351916376306 0.15265625 0.11397212543554007
14 0.20254464285714285 0.3499651567944251 0.2761160714285714 0.4598954703832753