14 0.11353757225433525 0.38766381766381763 0.1329479768786127 0.3194871794871795
13 0.4273294797687861 0.24726495726495729 0.10157225433526011 0.059002849002849
15 0.26547976878612717 0.5128205128205128 0.15772254335260116 0.03663817663817664
7 0.258728323699422 0.8030484330484331 0.4391907514450867 0.13774928774928774
1 0.5883583815028902 0.7845014245014246 0.12634682080924856 0.046809116809116806
13 0.856728323699422 0.21367521367521367 0.07183815028901734 0.048831908831908834
3 0.657722543352601 0.5443589743589743 0.2848901734104046 0.20145299145299145
10 0.23839306358381504 0.36840455840455844 0.1050635838150289 0.048660968660968654
2 0.2129248554913295 0.304045584045584 0.05590751445086705 0.047037037037037044
20 0.20576878612716765 0.24193732193732195 0.023815028901734106 0.04997150997150997
4 0.3050751445086705 0.23866096866096864 0.03032369942196532 0.04774928774928775
11 0.22768786127167628 0.43789173789173785 0.056971098265895956 0.047378917378917376
17 0.33402312138728324 0.4407977207977208 0.022427745664739884 0.06196581196581197
0 0.41946820809248553 0.436011396011396 0.08838150289017341 0.04803418803418803
6 0.2756300578034682 0.6696866096866096 0.08350289017341041 0.07267806267806268
16 0.25971098265895953 0.58997150997151 0.058774566473988446 0.035925925925925924
5 0.419849710982659 0.659002849002849 0.09091329479768787 0.060056980056980055
18 0.15358381502890173 0.6242735042735043 0.11685549132947977 0.10014245014245014
19 0.6031676300578035 0.39982905982905986 0.16764161849710982 0.05455840455840456
9 0.6172254335260116 0.32398860398860396 0.1939884393063584 0.0474928774928775
8 0.5809017341040462 0.24817663817663818 0.12132947976878614 0.04492877492877493