2 0.43523369565217396 0.5328339460784314 0.10054347826086957 0.015830269607843138
11 0.4725869565217391 0.5908363970588235 0.11092934782608696 0.018988970588235295
10 0.4406684782608696 0.5665349264705882 0.10235326086956523 0.015830269607843138
15 0.5498206521739131 0.6318933823529411 0.3387663043478261 0.014806985294117647
14 0.2477336956521739 0.5731709558823529 0.2418478260869565 0.14144301470588236
13 0.8496358695652173 0.5019393382352941 0.20833152173913042 0.016338848039215686
20 0.4298478260869565 0.5060263480392158 0.044733695652173916 0.017552083333333333
4 0.6205054347826087 0.5038756127450981 0.05894565217391304 0.015104166666666665
17 0.6847934782608696 0.5967432598039215 0.03806521739130435 0.0200796568627451
18 0.30445652173913046 0.6813694852941176 0.3127119565217391 0.042273284313725484
16 0.537429347826087 0.6667003676470589 0.12920652173913044 0.020597426470588237
0 0.8590489130434783 0.5947916666666667 0.16375 0.023832720588235295
7 0.5392880434782609 0.749451593137255 0.912820652173913 0.05128982843137255
6 0.5581793478260869 0.7038235294117647 0.18700543478260867 0.024371936274509804
5 0.884733695652174 0.700842524509804 0.17979347826086955 0.023008578431372547