2 0.4100446428571428 0.2644262295081967 0.10772321428571428 0.05275409836065574
13 0.87296875 0.19314754098360654 0.21448660714285714 0.0499016393442623
10 0.41390625000000003 0.35281967213114757 0.119375 0.0499016393442623
11 0.42265625 0.4504590163934426 0.10189732142857143 0.04560655737704918
17 0.6545982142857143 0.44334426229508195 0.039799107142857136 0.04275409836065573
0 0.8618080357142857 0.4461967213114754 0.23486607142857144 0.04275409836065573
15 0.5502678571428572 0.5359999999999999 0.25426339285714283 0.05416393442622951
16 0.5041741071428572 0.6372131147540984 0.1465401785714286 0.04845901639344262
6 0.5459151785714286 0.7405573770491803 0.22417410714285715 0.058459016393442614
5 0.8656919642857143 0.7377049180327869 0.23680803571428571 0.05275409836065574
20 0.37426339285714283 0.186 0.04209821428571429 0.06344262295081968
4 0.5867857142857142 0.19183606557377048 0.07589285714285714 0.055836065573770494
18 0.20604910714285715 0.6584918032786885 0.23875 0.18678688524590165
7 0.49709821428571427 0.894655737704918 0.9731919642857143 0.16540983606557377