14 0.20621233859397417 0.3566348448687351 0.282209469153515 0.4231980906921241
20 0.4044619799139168 0.15687350835322197 0.08493543758967002 0.05305489260143198
4 0.6089239598278336 0.15415274463007161 0.0744906743185079 0.058615751789976134
13 0.8624103299856528 0.17513126491646777 0.22608321377331422 0.1005727923627685
2 0.44538020086083213 0.240381861575179 0.18441893830703013 0.062195704057279234
10 0.42932568149210903 0.33572792362768494 0.15011477761836442 0.06930787589498806
11 0.4389239598278336 0.43448687350835324 0.1428263988522238 0.06854415274463006
17 0.6712338593974175 0.4288782816229117 0.07109038737446198 0.06467780429594272
0 0.8684505021520803 0.42682577565632457 0.20064562410329984 0.06789976133651551
15 0.5710329985652798 0.5400238663484487 0.4401434720229555 0.07031026252983294
18 0.26424677187948353 0.6827923627684963 0.3165997130559541 0.19797136038186158
16 0.5436154949784792 0.6361575178997614 0.18447632711621237 0.06797136038186158
6 0.5474748923959828 0.7404057279236277 0.19659971305595408 0.0745346062052506
5 0.8703730272596844 0.7298806682577565 0.22213773314203733 0.06818615751789976
7 0.5034433285509325 0.894510739856802 0.9274175035868005 0.18446300715990455