14 0.1933972602739726 0.3033939393939394 0.2698493150684932 0.39856565656565657
20 0.40542465753424656 0.14377777777777778 0.1060958904109589 0.06872727272727273
4 0.616013698630137 0.13828282828282829 0.08227397260273973 0.0865050505050505
13 0.8727808219178083 0.16799999999999998 0.22609589041095893 0.10056565656565657
2 0.5018767123287672 0.22064646464646465 0.3043013698630137 0.06222222222222222
10 0.5010821917808219 0.31622222222222224 0.2955342465753425 0.06931313131313131
11 0.4368493150684931 0.4023838383838384 0.13883561643835615 0.06856565656565657
17 0.6812602739726027 0.4234949494949495 0.07438356164383561 0.06464646464646465
0 0.8394931506849316 0.424989898989899 0.20064383561643837 0.0678989898989899
15 0.5628082191780822 0.5041212121212121 0.450958904109589 0.0703030303030303
18 0.2223013698630137 0.6193535353535353 0.3166027397260274 0.11052525252525253
16 0.5461369863013699 0.6004040404040404 0.2106164383561644 0.06795959595959596
6 0.5493150684931507 0.7018383838383839 0.20913698630136984 0.07454545454545454
5 0.8440821917808219 0.7125656565656566 0.22213698630136985 0.0682020202020202
7 0.4711780821917808 0.878020202020202 0.9293287671232876 0.18814141414141414