14 0.16372434017595308 0.3280590717299578 0.2698240469208211 0.44046413502109705
20 0.3727859237536657 0.16970464135021096 0.0844574780058651 0.057552742616033756
4 0.5943401759530792 0.17253164556962025 0.0933724340175953 0.06928270042194093
13 0.8712609970674488 0.21210970464135023 0.24205278592375368 0.08514767932489452
2 0.399266862170088 0.24358649789029535 0.1592375366568915 0.07080168776371308
10 0.4636950146627566 0.3310970464135021 0.3224046920821114 0.07227848101265823
11 0.41524926686217006 0.4229535864978903 0.16850439882697948 0.0670886075949367
17 0.6658944281524927 0.42957805907172997 0.09741935483870967 0.05869198312236287
0 0.8383577712609971 0.43451476793248944 0.22413489736070383 0.06527426160337553
15 0.4909970674486804 0.520126582278481 0.35131964809384164 0.07092827004219408
18 0.1638709677419355 0.6877215189873418 0.30533724340175955 0.16354430379746834
16 0.5204692082111436 0.6208860759493671 0.21498533724340177 0.06421940928270042
6 0.5240175953079179 0.7236286919831224 0.22073313782991202 0.08810126582278481
5 0.8340762463343109 0.7310970464135021 0.2247214076246334 0.07810126582278482
7 0.49237536656891495 0.8967088607594937 0.9847507331378299 0.2047679324894515