14 0.2233254716981132 0.34935201401050786 0.2570283018867925 0.39966725043782836
20 0.42283018867924527 0.16978984238178635 0.08445754716981133 0.05754816112084063
4 0.6315094339622641 0.18106830122591944 0.09338443396226415 0.06928196147110333
13 0.8614150943396227 0.19021015761821367 0.24204009433962265 0.08514886164623467
10 0.5420754716981132 0.3271103327495622 0.32240566037735846 0.07229422066549912
11 0.4623938679245283 0.422276707530648 0.16849056603773585 0.06711033274956217
17 0.6794457547169811 0.43264448336252187 0.09741745283018868 0.05866900175131348
0 0.8583490566037736 0.43478108581436076 0.22412735849056603 0.06527145359019265
15 0.4631014150943396 0.5167600700525394 0.17022405660377357 0.07092819614711034
18 0.2775943396226415 0.6628021015761821 0.3053419811320755 0.18835376532399298
16 0.539127358490566 0.6087740805604204 0.15487028301886793 0.06422066549912435
6 0.5725353773584906 0.7154640980735552 0.2104952830188679 0.08809106830122591
5 0.8509080188679246 0.7210683012259195 0.22474056603773587 0.07809106830122592
7 0.498313679245283 0.8797022767075307 0.9461320754716982 0.16873905429071803