14 0.15483870967741936 0.32478515625 0.26983870967741935 0.44046875
20 0.36112903225806453 0.126484375 0.08444892473118279 0.0575390625
4 0.5762903225806452 0.11146484375 0.09337365591397849 0.069296875
13 0.858508064516129 0.136875 0.2420430107526882 0.08513671875
2 0.39587365591397844 0.20693359375 0.15923387096774194 0.07078125
10 0.4571102150537634 0.298515625 0.3224059139784946 0.07228515625
11 0.4049327956989247 0.398515625 0.16849462365591397 0.06708984375
17 0.6651478494623656 0.3973046875 0.09741935483870968 0.058671875
0 0.8744489247311829 0.38890625 0.2241263440860215 0.0652734375
15 0.4882258064516129 0.5083203125 0.35131720430107527 0.07091796875
18 0.20553763440860212 0.661328125 0.3053494623655914 0.1635546875
16 0.4935215053763441 0.615546875 0.21500000000000002 0.06421875
6 0.5180645161290323 0.724453125 0.22073924731182795 0.0880859375
5 0.8836559139784947 0.71013671875 0.2247311827956989 0.0780859375
7 0.5050806451612903 0.8875390625 0.984744623655914 0.204765625