14 0.16997912317327765 0.345584 0.2822025052192067 0.423184
20 0.37127348643006264 0.171776 0.08492693110647181 0.05305599999999999
4 0.5887578288100208 0.183024 0.07448851774530271 0.067664
13 0.8720563674321503 0.184032 0.22609603340292275 0.10056
2 0.418580375782881 0.270656 0.1844258872651357 0.062208000000000006
10 0.48645093945720247 0.368896 0.34650313152400836 0.069312
11 0.4571816283924844 0.46448 0.22775574112734864 0.06856
17 0.6411377870563675 0.46521599999999996 0.07438413361169102 0.06467200000000001
0 0.8272025052192067 0.46324799999999994 0.20064718162839248 0.067888
15 0.6420146137787056 0.5625439999999999 0.4509707724425887 0.07030399999999999
18 0.18741127348643005 0.6682239999999999 0.3165866388308977 0.197968
16 0.5216283924843425 0.6556 0.21061586638830898 0.067968
6 0.5231524008350731 0.7540319999999999 0.20914405010438414 0.074544
5 0.8327870563674321 0.7618560000000001 0.22213987473903968 0.068192
7 0.499258872651357 0.89144 0.9293319415448851 0.188128