14 0.17347639484978541 0.3247628865979381 0.2811587982832618 0.41055670103092784
20 0.3953361945636623 0.15162886597938147 0.08444921316165951 0.05754639175257732
4 0.620615164520744 0.16630927835051545 0.09337625178826894 0.06927835051546392
13 0.8750786838340485 0.1968041237113402 0.24206008583690986 0.08515463917525773
10 0.47266094420600857 0.32356701030927837 0.2706151645207439 0.07228865979381444
11 0.4468240343347639 0.4161855670103093 0.2313447782546495 0.06709278350515464
17 0.6781258941344778 0.4290515463917526 0.09741058655221746 0.058701030927835046
0 0.8677396280400571 0.4432577319587629 0.22413447782546495 0.06527835051546392
15 0.5189270386266095 0.5158350515463918 0.35131616595135906 0.07092783505154639
18 0.2140200286123033 0.6452783505154639 0.3053361945636624 0.16354639175257732
16 0.5284692417739628 0.6212164948453609 0.2149928469241774 0.06422680412371133
6 0.5391988555078684 0.7182268041237113 0.22072961373390557 0.08810309278350514
5 0.85862660944206 0.7278762886597938 0.22472103004291846 0.07810309278350516
7 0.49237482117310444 0.8967216494845361 0.9847496423462089 0.20478350515463917