14 0.1918087318087318 0.30967105263157896 0.2822037422037422 0.4231907894736842
20 0.40288981288981285 0.1319736842105263 0.08492723492723493 0.053059210526315785
4 0.612016632016632 0.13776315789473684 0.07449064449064449 0.06766447368421052
13 0.875010395010395 0.16292763157894738 0.2260914760914761 0.10055921052631579
10 0.5186902286902287 0.29582236842105264 0.3465072765072765 0.06930921052631579
11 0.46151767151767153 0.4111184210526316 0.22775467775467775 0.06855263157894737
17 0.6738669438669439 0.41125 0.07438669438669439 0.06467105263157895
0 0.8730769230769231 0.4110855263157895 0.20064449064449066 0.06789473684210527
15 0.5556340956340956 0.5088157894736842 0.44014553014553015 0.07029605263157895
18 0.24584199584199584 0.6712171052631579 0.3165904365904366 0.19796052631578948
16 0.5314968814968815 0.6106907894736843 0.18446985446985448 0.06796052631578947
6 0.5425987525987526 0.7183223684210527 0.1965904365904366 0.07453947368421053
5 0.8752598752598753 0.725328947368421 0.22214137214137214 0.06819078947368422
7 0.4973804573804574 0.8808552631578946 0.9293347193347193 0.188125