14 0.18426307448494453 0.3103962703962704 0.2868145800316957 0.4301631701631701
20 0.3899524564183835 0.13149184149184148 0.08445324881141046 0.05755244755244755
4 0.6123296354992076 0.14235431235431237 0.09337559429477021 0.06927738927738927
13 0.8789698890649762 0.1442890442890443 0.24206022187004755 0.08515151515151516
2 0.43237717908082407 0.213006993006993 0.17486529318541996 0.0707925407925408
10 0.4769889064976228 0.3031934731934732 0.2706180665610142 0.07228438228438229
11 0.4356101426307449 0.39342657342657344 0.16851030110935022 0.0670862470862471
17 0.6781299524564184 0.40512820512820513 0.09741679873217116 0.058694638694638694
0 0.8717274167987321 0.3971561771561771 0.22413629160063392 0.06526806526806526
15 0.5203961965134707 0.498065268065268 0.35131537242472266 0.07093240093240093
18 0.21402535657686214 0.6452680652680652 0.30534072900158477 0.16354312354312353
16 0.5297305863708399 0.6054312354312354 0.2149920760697306 0.06421911421911422
6 0.5243423137876387 0.7187878787878789 0.22072900158478606 0.08811188811188811
5 0.8635499207606973 0.7087412587412588 0.22472266244057054 0.0781118881118881
7 0.49237717908082407 0.8967132867132868 0.9847543581616481 0.20477855477855478