14 0.19372516556291391 0.3236320754716981 0.2608774834437086 0.4007783018867925
20 0.3849503311258278 0.17160377358490567 0.08445364238410595 0.05754716981132075
4 0.5923178807947019 0.16533018867924526 0.09337748344370861 0.06929245283018867
13 0.8614072847682118 0.19021226415094342 0.2420364238410596 0.08514150943396227
2 0.4360596026490066 0.2648584905660377 0.1510430463576159 0.060990566037735845
10 0.5087582781456954 0.34132075471698115 0.3224006622516556 0.0722877358490566
11 0.46240066225165566 0.42228773584905666 0.1684933774834437 0.06709905660377358
17 0.6745860927152317 0.43264150943396223 0.09741721854304636 0.05867924528301886
0 0.8405794701986755 0.4334905660377359 0.2241225165562914 0.06528301886792452
15 0.6850331125827814 0.5065566037735849 0.5036423841059603 0.07091981132075471
18 0.22501655629139072 0.624245283018868 0.3053476821192053 0.16356132075471697
16 0.5477483443708608 0.6041037735849056 0.21500000000000002 0.06422169811320755
6 0.5544867549668875 0.7028301886792453 0.2207450331125828 0.08808962264150944
5 0.8475 0.6920754716981132 0.22473509933774835 0.07808962264150943
7 0.4953145695364239 0.859622641509434 0.9461258278145696 0.16874999999999998