14 0.2031907894736842 0.32920096852300246 0.2570230263157895 0.39966101694915257
20 0.39873355263157895 0.17246973365617435 0.08445723684210527 0.057554479418886195
4 0.6171381578947369 0.17726392251815978 0.09338815789473684 0.06927360774818402
13 0.8614144736842105 0.1902179176755448 0.24203947368421053 0.08515738498789346
2 0.415 0.2409685230024213 0.1510361842105263 0.060992736077481846
10 0.4982072368421053 0.3303147699757869 0.2990953947368421 0.0723002421307506
11 0.4395888157894737 0.4253026634382567 0.16848684210526316 0.0671186440677966
17 0.6794407894736842 0.4326392251815981 0.09741776315789473 0.058668280871670704
0 0.8447861842105263 0.4370217917675545 0.20754934210526316 0.06527845036319613
15 0.5279934210526316 0.5172881355932203 0.36888157894736845 0.07092009685230025
18 0.2370065789473684 0.6739467312348668 0.3572697368421053 0.18835351089588379
16 0.5407565789473684 0.6184745762711864 0.15486842105263157 0.06421307506053268
6 0.5428618421052631 0.7214769975786925 0.21049342105263158 0.08808716707021792
5 0.8509046052631579 0.7210653753026635 0.22473684210526312 0.07808716707021791
7 0.4931743421052632 0.8972881355932203 0.9461348684210527 0.1687409200968523