14 0.19378723404255319 0.33976190476190476 0.2732056737588653 0.4202164502164502
20 0.4114326241134752 0.15183982683982686 0.10136170212765956 0.05651515151515151
4 0.6244964539007092 0.15445887445887446 0.10893617021276596 0.05344155844155844
13 0.8733475177304965 0.18725108225108225 0.2533049645390071 0.06571428571428571
2 0.43350354609929076 0.23980519480519483 0.16995744680851063 0.06136363636363636
10 0.46998581560283686 0.33099567099567095 0.24121985815602837 0.06119047619047619
11 0.4734042553191489 0.4254545454545455 0.24686524822695036 0.06012987012987013
17 0.6741702127659575 0.425974025974026 0.08663829787234043 0.06686147186147186
0 0.8755886524822695 0.43253246753246755 0.23453900709219858 0.06937229437229436
15 0.4857304964539007 0.515887445887446 0.26577304964539006 0.08623376623376625
18 0.23380141843971633 0.6661255411255411 0.35521985815602836 0.14471861471861472
16 0.5298156028368795 0.6242640692640693 0.18418439716312057 0.06404761904761905
6 0.5647375886524822 0.7198701298701299 0.24931914893617022 0.06517316017316017
5 0.8731205673758865 0.7245887445887446 0.23727659574468085 0.05987012987012987
7 0.4980709219858156 0.8833549783549783 0.9806524822695035 0.20398268398268396