14 0.18350907519446844 0.3278978102189781 0.2691097666378565 0.430992700729927
20 0.40121866897147795 0.14426277372262772 0.09174589455488333 0.052029197080291974
4 0.6179861711322385 0.15004379562043796 0.10466724286949006 0.05636496350364963
13 0.8715557476231633 0.15283211678832118 0.23372515125324114 0.07045255474452554
2 0.5149956784788245 0.21198540145985403 0.35980985306828006 0.05846715328467153
10 0.46143474503025067 0.31103649635036495 0.25699222126188415 0.06550364963503649
11 0.4577355229040623 0.4134744525547446 0.22178046672428697 0.06598540145985402
17 0.6785393258426967 0.41814598540145986 0.08027657735522904 0.06178102189781022
0 0.8716940363007778 0.4141021897810219 0.22210890233362146 0.06945985401459853
15 0.5766551426101988 0.5118540145985402 0.4535263612791703 0.06534306569343065
18 0.23268798617113226 0.6852116788321168 0.3435695764909248 0.16102189781021897
16 0.5222904062229905 0.6150802919708029 0.1751685393258427 0.06467153284671533
6 0.5400777873811582 0.7095036496350365 0.20072601555747624 0.06975182481751825
5 0.8610198789974072 0.7094744525547445 0.22244598098530682 0.06388321167883211
7 0.497942955920484 0.8832992700729926 0.954580812445981 0.18785401459854015