14 0.1870074074074074 0.30661399548532736 0.26911111111111113 0.4259593679458239
20 0.3996 0.12431151241534989 0.09174814814814815 0.052031602708803616
4 0.6179851851851852 0.12598194130925508 0.10466666666666667 0.05636568848758465
13 0.875288888888889 0.13853273137697517 0.2337185185185185 0.07045146726862303
2 0.46237037037037043 0.19085778781038373 0.24082962962962964 0.05846501128668171
10 0.4683555555555555 0.293431151241535 0.2569925925925926 0.0655079006772009
11 0.45185185185185184 0.4009706546275395 0.22177777777777777 0.06598194130925508
17 0.6809185185185185 0.37148984198645596 0.08028148148148148 0.06178329571106095
0 0.8793777777777778 0.3871331828442438 0.2221037037037037 0.06945823927765236
15 0.5694222222222223 0.4917155756207675 0.45352592592592594 0.06534988713318285
18 0.2338074074074074 0.6605417607223476 0.34357037037037036 0.1362979683972912
16 0.5187703703703704 0.5920541760722347 0.17517037037037037 0.0646726862302483
6 0.5373777777777778 0.687765237020316 0.20072592592592595 0.06975169300225734
5 0.8799555555555556 0.6988487584650113 0.22244444444444444 0.06388261851015802
7 0.49794074074074074 0.8832957110609481 0.9545777777777779 0.18785553047404063