14 0.1757078651685393 0.33999999999999997 0.26624719101123595 0.42636963696369634
20 0.39231460674157304 0.14689768976897688 0.08444943820224719 0.05755775577557756
4 0.6155955056179775 0.15273927392739275 0.0933932584269663 0.06927392739273927
13 0.8614606741573034 0.183993399339934 0.2420449438202247 0.08514851485148515
2 0.4019550561797753 0.2285148514851485 0.15103370786516854 0.06099009900990099
10 0.48543820224719103 0.321023102310231 0.2991011235955056 0.07231023102310231
11 0.4366966292134832 0.4122112211221122 0.1684943820224719 0.06712871287128713
17 0.6791011235955056 0.42191419141914194 0.09741573033707865 0.05867986798679868
0 0.8619101123595506 0.42346534653465345 0.2075505617977528 0.06528052805280528
15 0.5945168539325842 0.5200990099009901 0.5172359550561797 0.07092409240924091
18 0.21240449438202247 0.6847524752475247 0.32784269662921345 0.18834983498349836
16 0.5162247191011236 0.6112541254125413 0.15487640449438203 0.05524752475247524
6 0.5428539325842696 0.7214851485148516 0.21049438202247192 0.08808580858085809
5 0.8622247191011236 0.7216831683168317 0.22474157303370787 0.07808580858085809
7 0.4931685393258427 0.8972937293729373 0.9461348314606741 0.16874587458745877