14 0.1911497005988024 0.326247906197655 0.2663353293413174 0.41031825795644894
20 0.4058203592814371 0.1703852596314908 0.10136526946107785 0.05651591289782245
4 0.6058083832335329 0.17986599664991623 0.10893413173652694 0.053433835845896144
13 0.8733532934131737 0.1872529313232831 0.2533053892215569 0.06571189279731993
2 0.47512574850299405 0.24906197654941373 0.22952095808383235 0.06135678391959799
10 0.4695329341317365 0.3442211055276382 0.24122155688622754 0.0611892797319933
11 0.4785748502994012 0.4331323283082077 0.2468622754491018 0.06013400335008375
17 0.6741676646706586 0.42597989949748744 0.08663473053892216 0.0668676716917923
0 0.8755928143712575 0.4325293132328309 0.23453892215568864 0.06938023450586266
15 0.549437125748503 0.5180067001675042 0.16737724550898203 0.08623115577889447
18 0.1967185628742515 0.6309715242881072 0.3552215568862276 0.14472361809045228
16 0.5473293413173652 0.6089782244556113 0.18417964071856285 0.0640536013400335
6 0.564311377245509 0.6899497487437185 0.24931736526946108 0.06517587939698492
5 0.8650299401197604 0.7009547738693468 0.2372814371257485 0.05986599664991625
7 0.5008263473053892 0.8574371859296482 0.9806467065868264 0.20398659966499164