14 0.18134676564156946 0.3100988467874794 0.2870731707317073 0.45663920922570017
20 0.40542948038176035 0.13207578253706756 0.10609756097560975 0.0687314662273476
4 0.6160127253446447 0.13828665568369028 0.08227995758218452 0.08650741350906095
13 0.8805832449628844 0.16457990115321253 0.22609756097560976 0.10056013179571664
2 0.5007529162248144 0.21357495881383853 0.304305408271474 0.06222405271828666
10 0.4845387062566278 0.31629324546952226 0.2776033934252386 0.06930807248764415
11 0.440763520678685 0.4167215815485997 0.13883351007423117 0.0685667215815486
17 0.6812619300106044 0.42349258649093907 0.07439024390243903 0.06464579901153213
0 0.8785365853658537 0.42604612850082374 0.20064687168610817 0.06789126853377266
15 0.5632979851537646 0.5210708401976936 0.45096500530222694 0.07029654036243822
18 0.22164369034994696 0.6679571663920922 0.3165959703075292 0.19795716639209224
16 0.5576458112407211 0.6272817133443163 0.2106150583244963 0.06795716639209226
6 0.5633934252386001 0.7299011532125206 0.2091410392364793 0.07454695222405272
5 0.8618875927889713 0.7305766062602965 0.22213149522799575 0.06820428336079078
7 0.4769353128313892 0.9011037891268534 0.9293319194061506 0.18813838550247117