14 0.19056865464632455 0.3132857142857143 0.2795839112343967 0.4259591836734694
20 0.40199722607489596 0.13177551020408163 0.09174757281553399 0.0520204081632653
4 0.6179889042995839 0.14618367346938774 0.1046740638002774 0.056367346938775514
13 0.8706796116504855 0.16522448979591836 0.2337170596393897 0.07044897959183674
2 0.4089042995839112 0.20916326530612245 0.11600554785020804 0.05846938775510204
10 0.43041608876560333 0.31212244897959185 0.17798890429958392 0.06551020408163266
11 0.45184466019417474 0.40097959183673465 0.22177531206657422 0.06597959183673469
17 0.6740776699029126 0.4166326530612245 0.08027739251040222 0.06177551020408163
0 0.8762135922330098 0.42118367346938773 0.22210818307905686 0.06946938775510204
15 0.5772260748959778 0.5029795918367347 0.4535228848821082 0.0653469387755102
18 0.24536754507628294 0.6323877551020408 0.31016643550624134 0.13142857142857145
16 0.5187656033287101 0.5920612244897959 0.17517337031900138 0.0646734693877551
6 0.5338280166435506 0.7022857142857143 0.20072122052704577 0.06975510204081632
5 0.8761026352288488 0.706591836734694 0.22244105409153953 0.06387755102040817
7 0.4979472954230236 0.8833061224489795 0.9545769764216366 0.18785714285714286