14 0.1912809917355372 0.33920892494929006 0.27924242424242424 0.4214807302231237
20 0.4097382920110193 0.15787018255578092 0.09174931129476584 0.05202839756592292
4 0.622809917355372 0.16340770791075052 0.1046694214876033 0.05636916835699797
13 0.866404958677686 0.18565922920892494 0.23371900826446282 0.07044624746450304
2 0.3977685950413223 0.23884381338742394 0.11600550964187328 0.058478701825557804
10 0.513236914600551 0.3285598377281947 0.3262809917355372 0.06551724137931034
11 0.4371625344352617 0.42176470588235293 0.13972451790633608 0.06598377281947262
17 0.6747520661157025 0.42811359026369167 0.08027548209366392 0.061784989858012174
0 0.8651790633608816 0.43196754563894524 0.22210743801652894 0.06947261663286004
15 0.5357438016528926 0.5178093306288033 0.3758953168044077 0.06535496957403651
18 0.24575757575757573 0.6539350912778904 0.31016528925619835 0.13141987829614607
16 0.5237741046831956 0.6154969574036511 0.17517906336088154 0.06466531440162272
6 0.5376859504132232 0.7143813387423935 0.20071625344352617 0.06975659229208925
5 0.8722451790633609 0.7216024340770791 0.22243801652892564 0.06387423935091277
7 0.49794765840220384 0.8833062880324544 0.9545730027548209 0.18784989858012172