14 0.19998595505617975 0.3400502512562814 0.26910814606741573 0.4259597989949749
20 0.4023525280898877 0.1605326633165829 0.09174859550561798 0.05203015075376885
4 0.6179845505617978 0.1551959798994975 0.10466994382022472 0.05636180904522613
13 0.8773595505617977 0.17109547738693467 0.23372191011235954 0.07045226130653266
2 0.5283497191011236 0.24376884422110554 0.35981039325842695 0.05846231155778895
10 0.4762991573033708 0.32741708542713566 0.2569943820224719 0.06550753768844222
11 0.45773174157303365 0.4134773869346734 0.22177668539325843 0.06597989949748745
17 0.6785393258426966 0.4181507537688442 0.0802808988764045 0.06177889447236181
0 0.879375 0.4238291457286432 0.2221067415730337 0.0694572864321608
15 0.577556179775281 0.522854271356784 0.45352528089887645 0.0653467336683417
18 0.23268960674157305 0.68521608040201 0.3435674157303371 0.16101507537688442
16 0.5222893258426966 0.6150854271356784 0.1751685393258427 0.06467336683417085
6 0.543377808988764 0.7181407035175879 0.20072331460674156 0.06974874371859296
5 0.8799578651685392 0.7094773869346733 0.2224438202247191 0.06387939698492462
7 0.4979424157303371 0.8832964824120603 0.9545786516853932 0.18785929648241204