14 0.1999443671766342 0.3308324768756423 0.2731988873435327 0.4085200411099692
20 0.41074408901251735 0.165087358684481 0.10136300417246175 0.05651593011305242
4 0.6235674547983311 0.16194244604316546 0.10893602225312934 0.05343268242548818
13 0.8733449235048678 0.18040082219938336 0.25330319888734354 0.0657245632065776
10 0.46997913769123784 0.3309866392600206 0.24122392211404728 0.06119218910585817
11 0.47340751043115437 0.42545734840698873 0.24687065368567454 0.06012332990750257
17 0.674172461752434 0.4259815005138746 0.08664116828929068 0.06685508735868448
0 0.8755910987482615 0.4325282631038027 0.23453407510431154 0.06937307297019528
15 0.5860709318497913 0.5158890030832477 0.46646036161335186 0.08622816032887975
18 0.23911682892906816 0.6623432682425489 0.35522253129346315 0.14472764645426514
16 0.5298122392211405 0.6242651593011305 0.1841863699582754 0.06403905447070915
6 0.5647357440890125 0.7198663926002055 0.24932545201668982 0.06516957862281603
5 0.8747079276773295 0.7272147995889003 0.23727399165507648 0.059876670092497426
7 0.5033310152990264 0.8776053442959918 0.9806467315716273 0.20397738951695787