14 0.2034936038817821 0.35114958448753464 0.2436171151301279 0.4228739612188366
20 0.4072474636082929 0.143303324099723 0.08445081605646228 0.05758310249307479
4 0.6074371415968239 0.15186288088642658 0.09337450374944861 0.06929362880886426
13 0.8535862373180414 0.17061634349030472 0.22595059550066168 0.08513157894736842
2 0.4609086898985444 0.2262534626038781 0.217273930304367 0.060740997229916896
10 0.4306881340979268 0.31024238227146816 0.1715968239964711 0.07230609418282548
11 0.4494397882664314 0.4008587257617729 0.17777679752977502 0.0670983379501385
17 0.6708204675782973 0.4018836565096953 0.09742390824878695 0.05869806094182826
0 0.8381649757388618 0.4030817174515235 0.22411116012351126 0.06527700831024931
15 0.4375430083811204 0.4993628808864266 0.20599911777679752 0.07092797783933519
18 0.21320688134097926 0.656578947368421 0.2789457432730481 0.12860803324099723
16 0.5517159241288045 0.608718836565097 0.24592412880458756 0.08855263157894737
6 0.5350330833700927 0.7164473684210526 0.22072342302602557 0.08810249307479225
5 0.8191442434936039 0.7151523545706372 0.22472430524922804 0.07810249307479225
7 0.500326422584914 0.8768005540166204 0.9847507719453021 0.20475761772853188