14 0.24943521594684384 0.3168975069252078 0.25448504983388703 0.47199445983379495
20 0.440514950166113 0.1393628808864266 0.10609634551495016 0.06872576177285318
4 0.6160132890365448 0.1382825484764543 0.08227574750830564 0.08650969529085872
13 0.8384883720930232 0.165207756232687 0.2260963455149502 0.1005540166204986
2 0.4318936877076412 0.24429362880886427 0.09516611295681063 0.062216066481994466
10 0.49006644518272424 0.33083102493074795 0.18853820598006646 0.06930747922437673
11 0.47485049833887044 0.43947368421052635 0.13883720930232557 0.0685595567867036
17 0.6812624584717608 0.4234903047091413 0.07438538205980066 0.06465373961218837
0 0.8514119601328903 0.4260387811634349 0.20064784053156148 0.06789473684210527
15 0.6382059800664451 0.5273130193905817 0.4509634551495017 0.07030470914127424
18 0.26887043189368776 0.6629362880886427 0.3165946843853821 0.1979501385041551
16 0.557641196013289 0.6272853185595567 0.21061461794019934 0.06795013850415513
6 0.5683388704318937 0.7232686980609419 0.20913621262458473 0.07454293628808864
5 0.8647674418604652 0.7121329639889197 0.22212624584717608 0.0681994459833795
7 0.5270764119601329 0.8965373961218835 0.9293355481727575 0.18814404432132964