14 0.19949999999999998 0.29598513011152416 0.263625 0.4143866171003717
20 0.413125 0.12806691449814128 0.08445 0.05758364312267658
4 0.628 0.13438661710037175 0.093375 0.06929368029739777
13 0.87725 0.1878438661710037 0.22594999999999998 0.08513011152416357
10 0.6463500000000001 0.2892565055762082 0.553175 0.07230483271375464
11 0.465725 0.3825650557620818 0.177775 0.0671003717472119
17 0.7058249999999999 0.3918587360594795 0.097425 0.05869888475836431
0 0.88795 0.3862825278810409 0.2241 0.06527881040892193
15 0.490325 0.4964312267657992 0.20600000000000002 0.07092936802973977
18 0.2465 0.6361338289962826 0.30535 0.16356877323420074
16 0.58255 0.5955762081784387 0.245925 0.08855018587360595
6 0.575625 0.7026765799256506 0.220725 0.08810408921933086
5 0.881175 0.6937174721189592 0.224725 0.07810408921933086
7 0.500325 0.8768029739776952 0.9847499999999999 0.20475836431226765