14 0.20513986013986016 0.32230320699708453 0.26117132867132864 0.47198250728862967
20 0.4072902097902098 0.12667638483965016 0.08493006993006992 0.059329446064139944
4 0.6199125874125874 0.12935860058309037 0.074493006993007 0.06766763848396502
13 0.8719055944055945 0.14206997084548104 0.22610139860139863 0.10055393586005831
2 0.4365034965034965 0.2203206997084548 0.1844230769230769 0.062215743440233236
10 0.5293706293706294 0.3200291545189504 0.3465034965034965 0.0693002915451895
11 0.4742132867132867 0.42072886297376094 0.22776223776223775 0.06857142857142857
17 0.6812587412587413 0.4234985422740524 0.07438811188811188 0.06466472303206997
0 0.8514160839160839 0.4260349854227405 0.20064685314685313 0.06790087463556851
15 0.5665384615384615 0.5361516034985423 0.45096153846153847 0.07029154518950437
18 0.2162062937062937 0.7020699708454811 0.3165909090909091 0.1979591836734694
16 0.5304895104895105 0.6430320699708455 0.2106118881118881 0.06795918367346938
6 0.5552622377622378 0.7520991253644316 0.20914335664335665 0.07454810495626822
5 0.8513461538461539 0.7480466472303207 0.22213286713286715 0.06819241982507289
7 0.4992482517482517 0.8914285714285713 0.9293356643356644 0.18813411078717202