14 0.16997952218430035 0.3455826859045505 0.28220477815699657 0.42318534961154275
20 0.3888600682593856 0.15550499445061045 0.08492832764505119 0.059322974472807995
4 0.5995290102389078 0.16314095449500557 0.0744914675767918 0.06766925638179801
13 0.8697542662116041 0.17483906770255273 0.22609556313993176 0.10055493895671476
2 0.4196450511945392 0.23317425083240845 0.1844232081911263 0.06220865704772475
10 0.4952081911262799 0.3194672586015538 0.3465051194539249 0.0693118756936737
11 0.4654744027303754 0.4425083240843507 0.2277542662116041 0.06855715871254163
17 0.6652150170648464 0.44265260821309654 0.07438225255972696 0.0646725860155383
0 0.8626621160409556 0.4383351831298557 0.2006484641638225 0.0678912319644839
15 0.5665324232081912 0.5361598224195339 0.45096928327645047 0.07029966703662598
18 0.21619795221843005 0.7020643729189788 0.31658703071672356 0.19796892341842398
16 0.525160409556314 0.6530965593784684 0.21061433447098976 0.06796892341842398
6 0.5231535836177474 0.7540288568257492 0.20914675767918087 0.07453940066592675
5 0.8408805460750854 0.7480577136514983 0.22213651877133106 0.06819089900110988
7 0.4992559726962457 0.8914428412874584 0.9293310580204779 0.1881243063263041