14 0.17615384615384616 0.33556231003039516 0.28611226611226614 0.4274164133738602
20 0.388939708939709 0.1788145896656535 0.08444906444906444 0.05756838905775077
4 0.5966112266112267 0.18574468085106383 0.09336798336798337 0.06930091185410335
13 0.8711850311850312 0.20537993920972641 0.22594594594594597 0.08513677811550152
2 0.479022869022869 0.2801823708206687 0.2613305613305613 0.070790273556231
10 0.5396257796257796 0.3588449848024316 0.38085239085239087 0.07231003039513678
11 0.4543035343035343 0.45796352583586625 0.1777754677754678 0.06711246200607902
17 0.6725363825363826 0.46717325227963524 0.09742203742203742 0.05869300911854103
0 0.8496049896049896 0.46504559270516715 0.2241164241164241 0.0652887537993921
15 0.62004158004158 0.5383890577507598 0.3905613305613306 0.07091185410334346
18 0.18875259875259875 0.6459270516717325 0.30534303534303536 0.1635562310030395
16 0.5518918918918918 0.6353495440729483 0.24592515592515593 0.08854103343465046
6 0.5392723492723492 0.7422188449848024 0.22072765072765074 0.08811550151975683
5 0.8453430353430353 0.7438297872340426 0.22471933471933472 0.07811550151975684
7 0.4923700623700624 0.8967173252279634 0.9847401247401248 0.20477203647416414