14 0.2434375 0.34174074074074073 0.26677083333333335 0.4795555555555555
20 0.4366875 0.13103703703703704 0.08445833333333333 0.057555555555555554
4 0.6254375 0.14437037037037037 0.093375 0.0692962962962963
13 0.8308958333333333 0.18048148148148146 0.19947916666666668 0.08514814814814814
2 0.48114583333333333 0.21048148148148146 0.17485416666666667 0.07077777777777777
10 0.5462708333333333 0.3088148148148148 0.30395833333333333 0.07229629629629629
11 0.47810416666666666 0.4154814814814815 0.17777083333333332 0.06711111111111112
17 0.6834791666666666 0.4242962962962963 0.09741666666666667 0.0587037037037037
0 0.8515416666666666 0.4256666666666667 0.224125 0.0652962962962963
15 0.48722916666666666 0.5246666666666666 0.20147916666666665 0.07092592592592592
18 0.27347916666666666 0.7048148148148149 0.30533333333333335 0.16355555555555554
16 0.5567291666666667 0.6347037037037038 0.15210416666666668 0.08855555555555555
6 0.5847916666666666 0.7638148148148147 0.22072916666666667 0.08811111111111111
5 0.8546458333333333 0.7545185185185185 0.22472916666666667 0.07811111111111112
7 0.492375 0.8967037037037038 0.98475 0.20477777777777778