13 0.8760491071428572 0.18603333333333333 0.21377232142857142 0.05
10 0.5090178571428571 0.31956666666666667 0.31656249999999997 0.05216666666666667
11 0.43823660714285717 0.4068 0.21720982142857143 0.055499999999999994
17 0.6659598214285715 0.4217666666666667 0.05174107142857143 0.05233333333333333
0 0.8489285714285714 0.4182666666666667 0.20982142857142858 0.0472
15 0.5247991071428572 0.5139666666666667 0.37941964285714286 0.0472
16 0.5274107142857143 0.6066666666666667 0.16948660714285715 0.0458
6 0.5411383928571428 0.7020333333333334 0.2174330357142857 0.0472
7 0.48595982142857147 0.9005 0.9531696428571428 0.16776666666666665
5 0.8471651785714285 0.7155 0.21622767857142858 0.06076666666666667
14 0.17658482142857143 0.3445 0.27203125 0.42906666666666665
20 0.39484375 0.15396666666666667 0.041629464285714284 0.0533
4 0.6120758928571428 0.15466666666666667 0.07421875 0.054
18 0.23352678571428573 0.6615 0.20058035714285713 0.13576666666666665