20 0.39251599147121535 0.15666666666666665 0.029072494669509594 0.042653721682847895
13 0.8785607675906184 0.1875566343042071 0.22388059701492538 0.060307443365695795
2 0.4167484008528785 0.24344660194174755 0.14537313432835822 0.042653721682847895
10 0.47199360341151386 0.33686084142394823 0.2461727078891258 0.061779935275080904
17 0.6663113006396588 0.4383656957928803 0.031982942430703626 0.03825242718446602
11 0.43952025586353943 0.43322006472491914 0.13665245202558637 0.060307443365695795
0 0.8349466950959488 0.4346925566343042 0.18898720682302772 0.05736245954692557
15 0.3862153518123667 0.5280906148867314 0.07850746268656716 0.04118122977346278
16 0.478773987206823 0.642831715210356 0.07559701492537313 0.04412621359223301
6 0.5325692963752665 0.7421359223300971 0.1812366737739872 0.05148867313915858
5 0.8354371002132196 0.746537216828479 0.18220682302771854 0.060307443365695795
4 0.6164285714285714 0.16082524271844661 0.07082089552238807 0.04658576051779935
18 0.17791044776119402 0.691084142394822 0.23588486140724946 0.18475728155339807
7 0.4945202558635395 0.9062459546925565 0.9730490405117271 0.16199029126213593
14 0.16846481876332622 0.3316343042071197 0.27562899786780387 0.4327022653721683