2 0.4454910714285715 0.2648310810810811 0.23064732142857142 0.057702702702702696
13 0.8668080357142857 0.18932432432432433 0.23622767857142857 0.0633445945945946
10 0.3980580357142857 0.36317567567567566 0.14136160714285714 0.04787162162162162
11 0.4189955357142857 0.4546621621621622 0.13113839285714285 0.04503378378378378
17 0.6608035714285715 0.46452702702702703 0.032544642857142855 0.04503378378378378
0 0.87796875 0.4567905405405406 0.2046205357142857 0.04081081081081081
15 0.43573660714285717 0.5630743243243242 0.19625 0.04787162162162162
16 0.4780580357142857 0.6559797297297297 0.10417410714285714 0.05067567567567568
7 0.4896651785714286 0.8933783783783784 0.9495535714285713 0.17635135135135135
6 0.5380357142857143 0.7552027027027026 0.194375 0.0520945945945946
5 0.8723883928571429 0.7544932432432433 0.19345982142857143 0.05067567567567568
20 0.375625 0.18787162162162163 0.04191964285714286 0.04915540540540541
4 0.5955803571428572 0.18699324324324323 0.06515625 0.04739864864864864
14 0.17517857142857143 0.37405405405405406 0.28089285714285717 0.40280405405405406
18 0.19332589285714286 0.68875 0.2353794642857143 0.13128378378378378