2 0.45732142857142855 0.23996666666666666 0.21082589285714287 0.05276666666666667
13 0.8845982142857143 0.19416666666666665 0.21448660714285714 0.0499
10 0.40566964285714285 0.3233 0.119375 0.0499
11 0.42223214285714283 0.42410000000000003 0.10189732142857143 0.0456
17 0.6587500000000001 0.432 0.039799107142857136 0.04276666666666667
0 0.8573214285714286 0.4378 0.23486607142857144 0.04276666666666667
15 0.4771651785714286 0.5177666666666667 0.25426339285714283 0.05416666666666667
16 0.5091741071428572 0.6262666666666666 0.1465401785714286 0.048466666666666665
6 0.5454464285714286 0.7293 0.22417410714285715 0.05846666666666667
5 0.8656919642857143 0.7377 0.23680803571428571 0.05276666666666667
20 0.385625 0.15806666666666666 0.04209821428571429 0.06343333333333334
4 0.6058705357142857 0.1643 0.07589285714285714 0.05583333333333333
18 0.24754464285714287 0.6537000000000001 0.23875 0.1868
7 0.4967857142857143 0.8853666666666667 0.9731919642857143 0.1654
14 0.18529017857142857 0.3290333333333333 0.2734375 0.3914