2 0.38897321428571424 0.23721254355400695 0.09584821428571429 0.05275261324041812
13 0.8645535714285714 0.1748780487804878 0.21448660714285714 0.04989547038327526
10 0.4331026785714286 0.3360975609756097 0.17421875 0.07547038327526133
11 0.45475446428571425 0.4348432055749129 0.21245535714285715 0.06710801393728223
17 0.6587500000000001 0.43198606271777007 0.039799107142857136 0.04275261324041812
0 0.8573214285714286 0.4378048780487805 0.23486607142857144 0.04275261324041812
15 0.5577901785714285 0.5426829268292683 0.4233705357142857 0.05418118466898955
16 0.5191071428571429 0.6450522648083623 0.16468750000000001 0.04846689895470383
6 0.5400223214285714 0.7458536585365854 0.22417410714285715 0.05846689895470384
5 0.8646874999999999 0.7505226480836237 0.23680803571428571 0.05275261324041812
20 0.385625 0.15808362369337978 0.04209821428571429 0.06344947735191638
4 0.6058705357142857 0.16428571428571428 0.07589285714285714 0.05581881533101045
18 0.24779017857142857 0.6953658536585365 0.27207589285714284 0.14682926829268292
7 0.4967857142857143 0.8853658536585366 0.9731919642857143 0.1654006968641115
14 0.1874330357142857 0.35557491289198606 0.2734375 0.3913937282229965