2 0.40921875 0.2126027397260274 0.1246205357142857 0.04565068493150685
10 0.38783482142857145 0.3075 0.09113839285714286 0.04424657534246575
13 0.8705357142857143 0.1284246575342466 0.20647321428571427 0.057089041095890414
17 0.6598660714285715 0.4081164383561644 0.01953125 0.03708904109589041
11 0.42549107142857145 0.3809931506849315 0.11066964285714286 0.04280821917808219
0 0.8533258928571429 0.4045205479452055 0.17205357142857142 0.04993150684931507
15 0.4901339285714286 0.5065753424657534 0.2845982142857143 0.04565068493150685
16 0.48595982142857147 0.6021575342465754 0.08091517857142858 0.04565068493150685
6 0.5296651785714286 0.6998972602739726 0.17020089285714285 0.04993150684931507
5 0.8556473214285714 0.7120547945205479 0.17299107142857142 0.03708904109589041
20 0.39428571428571424 0.11575342465753424 0.03957589285714286 0.04883561643835616
4 0.6103125 0.12239726027397262 0.06238839285714286 0.05452054794520548
7 0.4862276785714286 0.8751712328767124 0.9327678571428571 0.16356164383561644
14 0.19066964285714286 0.3145205479452055 0.2722098214285714 0.42736301369863017