2 0.3963839285714286 0.2332214765100671 0.08571428571428572 0.04983221476510067
13 0.8717857142857143 0.17241610738255034 0.21785714285714283 0.062281879194630865
10 0.43453125 0.3291275167785235 0.19464285714285715 0.045671140939597316
11 0.4486160714285714 0.4052348993288591 0.2089285714285714 0.05812080536912752
17 0.6658928571428572 0.4293288590604027 0.033928571428571426 0.040134228187919466
0 0.8504464285714286 0.43248322147651 0.17500000000000002 0.04291946308724832
16 0.49834821428571424 0.6206040268456375 0.10982142857142858 0.04429530201342281
6 0.5410714285714285 0.7231879194630872 0.18035714285714285 0.045671140939597316
5 0.8508928571428571 0.7190268456375839 0.17500000000000002 0.045671140939597316
15 0.5078348214285714 0.5250671140939597 0.32589285714285715 0.05812080536912752
20 0.38502232142857146 0.14600671140939597 0.04087053571428571 0.04986577181208054
4 0.6034598214285715 0.14768456375838926 0.06109375 0.049328859060402686
7 0.48776785714285714 0.8959395973154363 0.9457812499999999 0.1733221476510067
14 0.1899107142857143 0.3256040268456376 0.28933035714285715 0.43543624161073824