2 0.40504464285714287 0.21114093959731545 0.11254464285714286 0.04194630872483222
13 0.8658928571428571 0.16218120805369127 0.21205357142857142 0.0587248322147651
10 0.3980580357142857 0.30761744966442955 0.09301339285714286 0.044731543624161076
11 0.42363839285714283 0.40617449664429534 0.11624999999999999 0.0489261744966443
17 0.6589508928571428 0.4166778523489933 0.04 0.04194630872483222
0 0.8514732142857142 0.4243624161073825 0.1850892857142857 0.05174496644295302
15 0.5110714285714286 0.511744966442953 0.3208705357142857 0.0698993288590604
16 0.4845535714285715 0.6082214765100671 0.09113839285714286 0.04194630872483222
6 0.5254910714285714 0.7088926174496645 0.17484375 0.044731543624161076
7 0.4903794642857143 0.873020134228188 0.9435267857142857 0.19869127516778523
5 0.8482142857142857 0.7130872483221476 0.18229910714285716 0.04194630872483222
20 0.38575892857142857 0.1454697986577181 0.03491071428571429 0.044865771812080533
4 0.6035491071428571 0.15006711409395973 0.061272321428571426 0.05030201342281879
18 0.2219642857142857 0.6659060402684563 0.30502232142857144 0.13124161073825502
14 0.1843526785714286 0.311006711409396 0.26703125 0.38338926174496646