2 0.39107142857142857 0.22422145328719723 0.08571428571428572 0.04982698961937716
13 0.8571428571428571 0.16816608996539792 0.21785714285714283 0.06228373702422145
10 0.44553571428571426 0.3134948096885813 0.19464285714285715 0.045674740484429065
11 0.44821428571428573 0.41799307958477505 0.2089285714285714 0.05813148788927336
17 0.6714285714285715 0.4173010380622837 0.033928571428571426 0.04013840830449827
0 0.85 0.4173010380622837 0.17500000000000002 0.042906574394463666
16 0.5075892857142857 0.6186851211072665 0.10982142857142858 0.04429065743944637
6 0.5410714285714285 0.7231833910034602 0.18035714285714285 0.045674740484429065
5 0.8508928571428571 0.7190311418685121 0.17500000000000002 0.045674740484429065
15 0.5138392857142857 0.5162629757785466 0.32589285714285715 0.05813148788927336
20 0.38502232142857146 0.14602076124567476 0.04087053571428571 0.04986159169550173
4 0.6034598214285715 0.14768166089965398 0.06109375 0.049342560553633216
7 0.48776785714285714 0.8959515570934257 0.9457812499999999 0.1733217993079585
18 0.21457589285714285 0.6521453287197232 0.17348214285714286 0.1373356401384083
14 0.1899107142857143 0.3256055363321799 0.28933035714285715 0.4354325259515571