2 0.3910491071428571 0.22978339350180504 0.13477678571428572 0.04859205776173286
13 0.8529464285714285 0.16801444043321298 0.21377232142857142 0.049999999999999996
10 0.38546874999999997 0.3388086642599278 0.12361607142857144 0.04444043321299639
11 0.4228125 0.45819494584837545 0.21720982142857143 0.05552346570397112
17 0.66234375 0.4408664259927798 0.03176339285714286 0.04025270758122744
0 0.8679687500000001 0.4359927797833935 0.18888392857142858 0.047220216606498194
15 0.50609375 0.5567870036101082 0.35970982142857144 0.047220216606498194
16 0.47390625000000003 0.6629963898916967 0.08928571428571429 0.04581227436823104
6 0.5198214285714285 0.7678339350180505 0.18285714285714286 0.047220216606498194
7 0.48716517857142855 0.9161010830324909 0.9531696428571428 0.16776173285198556
5 0.8692410714285714 0.7727075812274368 0.19145089285714284 0.04859205776173286
14 0.17470982142857142 0.3555956678700361 0.27895089285714286 0.45657039711191333
18 0.22700892857142857 0.712202166064982 0.29191964285714284 0.1551263537906137
20 0.35915178571428574 0.15584837545126354 0.041629464285714284 0.053285198555956675
4 0.5869196428571428 0.15617328519855594 0.07421875 0.053971119133574004