2 0.46901785714285715 0.23173374613003095 0.3980580357142857 0.04910216718266254
13 0.8525892857142857 0.16829721362229103 0.2399330357142857 0.046284829721362226
10 0.3470535714285714 0.33504643962848296 0.14167410714285714 0.04910216718266254
11 0.3698660714285714 0.42613003095975227 0.11345982142857143 0.04068111455108359
17 0.63125 0.43990712074303406 0.0390625 0.047708978328173376
0 0.82140625 0.4381733746130031 0.24345982142857142 0.05470588235294118
15 0.4897767857142857 0.5243034055727555 0.43109375 0.05990712074303406
16 0.48770089285714285 0.6310526315789474 0.21493303571428574 0.048699690402476785
6 0.49955357142857143 0.7413312693498452 0.23258928571428572 0.047708978328173376
5 0.8221428571428572 0.7434674922600619 0.23745535714285712 0.05597523219814241
14 0.1313169642857143 0.3532198142414861 0.2600223214285714 0.4956656346749226
18 0.16732142857142857 0.6921362229102167 0.30238839285714286 0.12724458204334366
7 0.48415178571428574 0.8964086687306502 0.9459821428571429 0.1391950464396285
20 0.3289955357142857 0.1535294117647059 0.028147321428571428 0.046811145510835914
4 0.5690625 0.15938080495356036 0.06383928571428572 0.05585139318885449