13 0.87484375 0.14405405405405405 0.22549107142857142 0.05
10 0.36283482142857143 0.3533783783783784 0.11604910714285714 0.052162162162162164
11 0.39685267857142853 0.44006756756756754 0.1409375 0.05550675675675676
17 0.6623660714285714 0.43564189189189184 0.05174107142857143 0.05233108108108108
0 0.8566517857142857 0.43374999999999997 0.20982142857142858 0.04719594594594595
15 0.5165178571428571 0.5418243243243243 0.408125 0.05847972972972972
16 0.49245535714285715 0.6468243243243244 0.16948660714285715 0.045810810810810815
6 0.5227678571428571 0.7414527027027027 0.2174330357142857 0.04719594594594595
7 0.48595982142857147 0.9005067567567568 0.9531696428571428 0.16777027027027025
5 0.8587053571428571 0.7346621621621622 0.21622767857142858 0.06074324324324325
14 0.17658482142857143 0.34449324324324326 0.27203125 0.4290878378378379
2 0.3828125 0.2443243243243243 0.1496205357142857 0.06425675675675675
20 0.3500669642857143 0.16358108108108108 0.041629464285714284 0.05331081081081081
4 0.5884375000000001 0.1464864864864865 0.07421875 0.05398648648648649
18 0.17370535714285712 0.6872972972972973 0.24325892857142858 0.13962837837837838