13 0.8768526785714286 0.1275085324232082 0.21377232142857142 0.05
10 0.5090178571428571 0.319556313993174 0.31656249999999997 0.05215017064846416
11 0.43823660714285717 0.40679180887372013 0.21720982142857143 0.05549488054607509
17 0.6659598214285715 0.42177474402730375 0.05174107142857143 0.05232081911262799
0 0.8489285714285714 0.418259385665529 0.20982142857142858 0.04720136518771331
15 0.5244642857142857 0.5280204778156997 0.37941964285714286 0.04720136518771331
16 0.5233482142857143 0.6304095563139932 0.16948660714285715 0.04580204778156997
6 0.5382366071428571 0.7221160409556314 0.2174330357142857 0.04720136518771331
7 0.48595982142857147 0.9005119453924916 0.9531696428571428 0.1677815699658703
5 0.8491517857142857 0.7250853242320818 0.21622767857142858 0.060750853242320824
14 0.17658482142857143 0.3445051194539249 0.27203125 0.42907849829351535
2 0.49453125000000003 0.2103754266211604 0.2896651785714286 0.06426621160409555
20 0.38848214285714283 0.12129692832764505 0.041629464285714284 0.053310580204778156
4 0.6109821428571429 0.1354607508532423 0.07421875 0.05399317406143345