2 0.3959375 0.2542809364548495 0.12274553571428572 0.057692307692307696
13 0.8719642857142856 0.19531772575250836 0.23622767857142857 0.06334448160535118
10 0.4068080357142857 0.3423411371237458 0.14136160714285714 0.04785953177257525
11 0.44448660714285715 0.4346822742474916 0.13113839285714285 0.04505016722408027
17 0.6775 0.44073578595317725 0.032544642857142855 0.04505016722408027
0 0.8579464285714286 0.4408695652173913 0.2046205357142857 0.040802675585284276
15 0.47129464285714284 0.5362541806020067 0.21752232142857145 0.04785953177257525
16 0.5242410714285715 0.6309364548494983 0.14573660714285716 0.05066889632107024
7 0.4896651785714286 0.8933779264214047 0.9495535714285713 0.17635451505016722
6 0.5434598214285714 0.7273913043478261 0.194375 0.05210702341137124
5 0.8455133928571429 0.7307357859531773 0.19345982142857143 0.05066889632107024
20 0.4096205357142857 0.17739130434782607 0.04191964285714286 0.049163879598662204
4 0.6265625 0.1783277591973244 0.06515625 0.04739130434782609
14 0.2111830357142857 0.38280936454849496 0.2543303571428571 0.402809364548495
18 0.20883928571428573 0.6931772575250836 0.2353794642857143 0.13127090301003344