2 0.39571428571428574 0.23558823529411765 0.13477678571428572 0.048594771241830065
13 0.8744866071428571 0.1865359477124183 0.21377232142857142 0.05
10 0.40069196428571424 0.32895424836601306 0.12361607142857144 0.044444444444444446
11 0.43919642857142854 0.4084967320261438 0.21720982142857143 0.05552287581699346
17 0.66234375 0.44088235294117645 0.03176339285714286 0.04026143790849673
0 0.8456473214285715 0.4402941176470588 0.18888392857142858 0.04722222222222222
15 0.5139732142857143 0.5195751633986928 0.35970982142857144 0.04722222222222222
16 0.5293080357142858 0.6107843137254902 0.10493303571428571 0.04581699346405228
6 0.5637053571428571 0.7151633986928104 0.18285714285714286 0.04722222222222222
7 0.48595982142857147 0.9004901960784314 0.9531696428571428 0.16777777777777778
5 0.8460267857142857 0.7181699346405228 0.19145089285714284 0.048594771241830065
14 0.18004464285714286 0.3582352941176471 0.27895089285714286 0.4565686274509804
20 0.3995982142857143 0.15797385620915033 0.041629464285714284 0.053300653594771236
4 0.6128571428571429 0.16212418300653594 0.07421875 0.053986928104575164