2 0.38642857142857145 0.21625000000000003 0.10238839285714285 0.045675675675675674
10 0.43924107142857144 0.3170945945945946 0.19488839285714285 0.04422297297297297
13 0.8752232142857144 0.1704391891891892 0.20647321428571427 0.05709459459459459
17 0.6684598214285715 0.42037162162162167 0.04319196428571429 0.0475
11 0.43439732142857146 0.4108783783783784 0.1431919642857143 0.054763513513513516
0 0.8539732142857143 0.4135472972972973 0.20252232142857143 0.04993243243243243
15 0.5643526785714286 0.5152702702702703 0.44613839285714285 0.045675675675675674
16 0.5194419642857143 0.62125 0.17984375 0.045675675675675674
6 0.5363169642857143 0.7213175675675675 0.21640625 0.04993243243243243
5 0.8460491071428571 0.7191216216216216 0.21098214285714284 0.06807432432432432
20 0.3910044642857143 0.14010135135135135 0.03957589285714286 0.04885135135135135
4 0.6087723214285715 0.14560810810810812 0.06238839285714286 0.05452702702702703
7 0.49573660714285717 0.9084121621621621 0.9327678571428571 0.16354729729729728
18 0.21084821428571426 0.6845608108108108 0.25008928571428574 0.10320945945945946
14 0.18109375 0.33699324324324326 0.28035714285714286 0.43641891891891893