2 0.44863839285714285 0.2174652777777778 0.1955580357142857 0.04565972222222223
10 0.42928571428571427 0.31708333333333333 0.17495535714285712 0.044236111111111115
13 0.8692857142857143 0.18288194444444444 0.20647321428571427 0.05708333333333334
17 0.6703348214285715 0.42559027777777775 0.01953125 0.03708333333333333
11 0.43439732142857146 0.41086805555555556 0.1431919642857143 0.05475694444444444
0 0.8539732142857143 0.41354166666666664 0.20252232142857143 0.04993055555555556
15 0.5266517857142857 0.5253125 0.3701785714285714 0.04565972222222223
16 0.5332366071428571 0.625 0.17984375 0.04565972222222223
6 0.5363169642857143 0.7213194444444445 0.21640625 0.04993055555555556
5 0.8307589285714286 0.7302083333333333 0.21098214285714284 0.06809027777777778
20 0.39136160714285717 0.13642361111111112 0.03957589285714286 0.04885416666666667
4 0.6087723214285715 0.145625 0.06238839285714286 0.05451388888888889
7 0.49573660714285717 0.9135763888888889 0.9327678571428571 0.16354166666666667
18 0.20957589285714287 0.6531944444444444 0.15265625 0.1659027777777778
14 0.18109375 0.33697916666666666 0.28035714285714286 0.4364236111111111