2 0.42410714285714285 0.2378965517241379 0.14698660714285713 0.045655172413793105
10 0.4322544642857143 0.33286206896551723 0.17495535714285712 0.04424137931034483
13 0.8696428571428572 0.18979310344827585 0.20647321428571427 0.05706896551724138
17 0.6641294642857142 0.44141379310344825 0.01953125 0.03706896551724138
11 0.4355803571428571 0.4280689655172414 0.1431919642857143 0.054758620689655174
0 0.8549330357142857 0.43948275862068964 0.20252232142857143 0.049931034482758624
15 0.5310267857142857 0.5395517241379311 0.3701785714285714 0.045655172413793105
16 0.5274330357142857 0.6373793103448276 0.17984375 0.045655172413793105
6 0.5404464285714285 0.7396206896551725 0.21640625 0.049931034482758624
5 0.8317187500000001 0.7433103448275862 0.21098214285714284 0.06810344827586207
20 0.39743303571428573 0.16210344827586207 0.03957589285714286 0.048862068965517244
4 0.6100892857142857 0.1627586206896552 0.06238839285714286 0.05451724137931035
7 0.49573660714285717 0.9135862068965517 0.9327678571428571 0.16355172413793104
18 0.2184375 0.6715517241379311 0.15265625 0.16589655172413792
14 0.18109375 0.3369655172413793 0.28035714285714286 0.4364137931034483