2 0.44185267857142857 0.25029900332225913 0.21814732142857143 0.0486046511627907
13 0.8581473214285714 0.18993355481727575 0.21377232142857142 0.05
10 0.44299107142857147 0.33611295681063125 0.2082142857142857 0.044451827242524916
11 0.4425669642857143 0.4440531561461794 0.21720982142857143 0.05551495016611296
17 0.66234375 0.44089700996677744 0.03176339285714286 0.04026578073089701
0 0.8322321428571428 0.43392026578073095 0.20982142857142858 0.0472093023255814
15 0.5255580357142857 0.5372093023255814 0.37941964285714286 0.0472093023255814
16 0.50609375 0.6344186046511628 0.14629464285714286 0.04581395348837209
6 0.5411607142857143 0.7348504983388704 0.2174330357142857 0.0472093023255814
7 0.48595982142857147 0.900498338870432 0.9531696428571428 0.16777408637873753
5 0.8368526785714286 0.7250498338870432 0.21622767857142858 0.0607641196013289
14 0.18004464285714286 0.3582392026578073 0.27895089285714286 0.456578073089701
20 0.39180803571428574 0.18475083056478406 0.041629464285714284 0.053289036544850496
4 0.6097544642857143 0.1746843853820598 0.07421875 0.05398671096345515
18 0.15837053571428572 0.6874086378737542 0.1696875 0.13578073089700995